prediction,acc_failed,acc_passed,bal_acc,f1,recall,tn,fp,fn,tp
rf_bal_acc_train1617_1718_test1819 series_00,0.634,0.777,0.705,0.632,0.634,104,60,61,212
rf_bal_acc_train1617_1718_test1819 series_01,0.683,0.791,0.737,0.673,0.683,112,52,57,216
rf_bal_acc_train1617_1718_test1819 series_02,0.689,0.773,0.731,0.667,0.689,113,51,62,211
rf_bal_acc_train1617_1718_test1819 series_03,0.567,0.806,0.686,0.6,0.567,93,71,53,220
rf_bal_acc_train1617_1718_test1819 series_04,0.604,0.832,0.718,0.641,0.604,99,65,46,227
rf_bal_acc_train1617_1718_test1819 series_05,0.573,0.81,0.691,0.606,0.573,94,70,52,221
rf_bal_acc_train1617_1718_test1819 series_06,0.622,0.799,0.71,0.636,0.622,102,62,55,218
rf_bal_acc_train1617_1718_test1819 series_07,0.561,0.832,0.696,0.609,0.561,92,72,46,227
rf_bal_acc_train1617_1718_test1819 series_08,0.659,0.802,0.73,0.663,0.659,108,56,54,219
rf_bal_acc_train1617_1718_test1819 series_09,0.671,0.766,0.718,0.651,0.671,110,54,64,209
rf_bal_acc_train1617_1718_test1819 series_10,0.659,0.813,0.736,0.669,0.659,108,56,51,222
rf_bal_acc_train1617_1718_test1819 series_11,0.683,0.839,0.761,0.7,0.683,112,52,44,229
rf_bal_acc_train1617_1718_test1819 series_12,0.744,0.802,0.773,0.718,0.744,122,42,54,219
rf_bal_acc_train1617_1718_test1819 series_13,0.701,0.806,0.754,0.693,0.701,115,49,53,220
rf_bal_acc_train1617_1718_test1819 series_14,0.665,0.832,0.748,0.683,0.665,109,55,46,227
rf_bal_acc_train1617_1718_test1819 series_15,0.707,0.817,0.762,0.703,0.707,116,48,50,223
rf_bal_acc_train1617_1718_test1819 series_16,0.72,0.81,0.765,0.707,0.72,118,46,52,221
rf_bal_acc_train1617_1718_test1819 series_17,0.72,0.799,0.759,0.7,0.72,118,46,55,218
rf_bal_acc_train1617_1718_test1819 series_18,0.756,0.802,0.779,0.725,0.756,124,40,54,219
rf_bal_acc_train1617_1718_test1819 series_19,0.72,0.802,0.761,0.702,0.72,118,46,54,219
rf_bal_acc_train1617_1718_test1819 series_20,0.732,0.81,0.771,0.714,0.732,120,44,52,221
rf_bal_acc_train1617_1718_test1819 series_21,0.646,0.821,0.733,0.665,0.646,106,58,49,224
rf_bal_acc_train1617_1819_test1718 series_00,0.63,0.845,0.738,0.674,0.63,97,57,37,202
rf_bal_acc_train1617_1819_test1718 series_01,0.682,0.828,0.755,0.7,0.682,105,49,41,198
rf_bal_acc_train1617_1819_test1718 series_02,0.63,0.782,0.706,0.64,0.63,97,57,52,187
rf_bal_acc_train1617_1819_test1718 series_03,0.636,0.82,0.728,0.664,0.636,98,56,43,196
rf_bal_acc_train1617_1819_test1718 series_04,0.669,0.862,0.765,0.71,0.669,103,51,33,206
rf_bal_acc_train1617_1819_test1718 series_05,0.545,0.912,0.729,0.649,0.545,84,70,21,218
rf_bal_acc_train1617_1819_test1718 series_06,0.591,0.887,0.739,0.669,0.591,91,63,27,212
rf_bal_acc_train1617_1819_test1718 series_07,0.656,0.874,0.765,0.709,0.656,101,53,30,209
rf_bal_acc_train1617_1819_test1718 series_08,0.662,0.883,0.773,0.718,0.662,102,52,28,211
rf_bal_acc_train1617_1819_test1718 series_09,0.617,0.879,0.748,0.683,0.617,95,59,29,210
rf_bal_acc_train1617_1819_test1718 series_10,0.623,0.895,0.759,0.698,0.623,96,58,25,214
rf_bal_acc_train1617_1819_test1718 series_11,0.636,0.912,0.774,0.718,0.636,98,56,21,218
rf_bal_acc_train1617_1819_test1718 series_12,0.643,0.929,0.786,0.733,0.643,99,55,17,222
rf_bal_acc_train1617_1819_test1718 series_13,0.604,0.912,0.758,0.694,0.604,93,61,21,218
rf_bal_acc_train1617_1819_test1718 series_14,0.662,0.921,0.791,0.742,0.662,102,52,19,220
rf_bal_acc_train1617_1819_test1718 series_15,0.623,0.916,0.77,0.711,0.623,96,58,20,219
rf_bal_acc_train1617_1819_test1718 series_16,0.617,0.904,0.76,0.699,0.617,95,59,23,216
rf_bal_acc_train1617_1819_test1718 series_17,0.565,0.912,0.739,0.664,0.565,87,67,21,218
rf_bal_acc_train1617_1819_test1718 series_18,0.604,0.9,0.752,0.686,0.604,93,61,24,215
rf_bal_acc_train1617_1819_test1718 series_19,0.63,0.921,0.775,0.719,0.63,97,57,19,220
rf_bal_acc_train1617_1819_test1718 series_20,0.539,0.929,0.734,0.654,0.539,83,71,17,222
rf_bal_acc_train1617_1819_test1718 series_21,0.662,0.908,0.785,0.734,0.662,102,52,22,217
rf_bal_acc_train1718_1819_test1617 series_00,0.534,0.844,0.689,0.614,0.534,86,75,33,178
rf_bal_acc_train1718_1819_test1617 series_01,0.547,0.829,0.688,0.618,0.547,88,73,36,175
rf_bal_acc_train1718_1819_test1617 series_02,0.522,0.848,0.685,0.606,0.522,84,77,32,179
rf_bal_acc_train1718_1819_test1617 series_03,0.503,0.848,0.676,0.591,0.503,81,80,32,179
rf_bal_acc_train1718_1819_test1617 series_04,0.565,0.848,0.707,0.641,0.565,91,70,32,179
rf_bal_acc_train1718_1819_test1617 series_05,0.565,0.867,0.716,0.65,0.565,91,70,28,183
rf_bal_acc_train1718_1819_test1617 series_06,0.54,0.877,0.709,0.635,0.54,87,74,26,185
rf_bal_acc_train1718_1819_test1617 series_07,0.528,0.863,0.695,0.618,0.528,85,76,29,182
rf_bal_acc_train1718_1819_test1617 series_08,0.547,0.877,0.712,0.64,0.547,88,73,26,185
rf_bal_acc_train1718_1819_test1617 series_09,0.509,0.896,0.703,0.619,0.509,82,79,22,189
rf_bal_acc_train1718_1819_test1617 series_10,0.559,0.9,0.73,0.662,0.559,90,71,21,190
rf_bal_acc_train1718_1819_test1617 series_11,0.621,0.867,0.744,0.692,0.621,100,61,28,183
rf_bal_acc_train1718_1819_test1617 series_12,0.602,0.896,0.749,0.693,0.602,97,64,22,189
rf_bal_acc_train1718_1819_test1617 series_13,0.565,0.9,0.733,0.667,0.565,91,70,21,190
rf_bal_acc_train1718_1819_test1617 series_14,0.615,0.91,0.762,0.71,0.615,99,62,19,192
rf_bal_acc_train1718_1819_test1617 series_15,0.093,0.995,0.544,0.169,0.093,15,146,1,210
rf_bal_acc_train1718_1819_test1617 series_16,0.609,0.915,0.762,0.708,0.609,98,63,18,193
rf_bal_acc_train1718_1819_test1617 series_17,0.578,0.91,0.744,0.681,0.578,93,68,19,192
rf_bal_acc_train1718_1819_test1617 series_18,0.64,0.905,0.772,0.725,0.64,103,58,20,191
rf_bal_acc_train1718_1819_test1617 series_19,0.609,0.9,0.755,0.7,0.609,98,63,21,190
rf_bal_acc_train1718_1819_test1617 series_20,0.59,0.915,0.752,0.693,0.59,95,66,18,193
rf_bal_acc_train1718_1819_test1617 series_21,0.602,0.915,0.759,0.703,0.602,97,64,18,193
rf_bal_acc_train1617_test1718 series_00,0.656,0.787,0.721,0.66,0.656,101,53,51,188
rf_bal_acc_train1617_test1718 series_01,0.773,0.715,0.744,0.698,0.773,119,35,68,171
rf_bal_acc_train1617_test1718 series_02,0.701,0.724,0.713,0.659,0.701,108,46,66,173
rf_bal_acc_train1617_test1718 series_03,0.708,0.732,0.72,0.667,0.708,109,45,64,175
rf_bal_acc_train1617_test1718 series_04,0.721,0.795,0.758,0.707,0.721,111,43,49,190
rf_bal_acc_train1617_test1718 series_05,0.584,0.883,0.734,0.662,0.584,90,64,28,211
rf_bal_acc_train1617_test1718 series_06,0.636,0.833,0.734,0.671,0.636,98,56,40,199
rf_bal_acc_train1617_test1718 series_07,0.688,0.845,0.767,0.714,0.688,106,48,37,202
rf_bal_acc_train1617_test1718 series_08,0.688,0.862,0.775,0.724,0.688,106,48,33,206
rf_bal_acc_train1617_test1718 series_09,0.662,0.854,0.758,0.701,0.662,102,52,35,204
rf_bal_acc_train1617_test1718 series_10,0.636,0.874,0.755,0.695,0.636,98,56,30,209
rf_bal_acc_train1617_test1718 series_11,0.662,0.841,0.752,0.694,0.662,102,52,38,201
rf_bal_acc_train1617_test1718 series_12,0.448,0.929,0.688,0.575,0.448,69,85,17,222
rf_bal_acc_train1617_test1718 series_13,0.623,0.895,0.759,0.698,0.623,96,58,25,214
rf_bal_acc_train1617_test1718 series_14,0.656,0.874,0.765,0.709,0.656,101,53,30,209
rf_bal_acc_train1617_test1718 series_15,0.617,0.887,0.752,0.688,0.617,95,59,27,212
rf_bal_acc_train1617_test1718 series_16,0.63,0.895,0.763,0.703,0.63,97,57,25,214
rf_bal_acc_train1617_test1718 series_17,0.682,0.833,0.757,0.702,0.682,105,49,40,199
rf_bal_acc_train1617_test1718 series_18,0.617,0.879,0.748,0.683,0.617,95,59,29,210
rf_bal_acc_train1617_test1718 series_19,0.656,0.883,0.769,0.714,0.656,101,53,28,211
rf_bal_acc_train1617_test1718 series_20,0.63,0.9,0.765,0.705,0.63,97,57,24,215
rf_bal_acc_train1617_test1718 series_21,0.519,0.921,0.72,0.632,0.519,80,74,19,220
rf_bal_acc_train1617_test1819 series_00,0.659,0.758,0.708,0.639,0.659,108,56,66,207
rf_bal_acc_train1617_test1819 series_01,0.677,0.751,0.714,0.647,0.677,111,53,68,205
rf_bal_acc_train1617_test1819 series_02,0.677,0.736,0.707,0.64,0.677,111,53,72,201
rf_bal_acc_train1617_test1819 series_03,0.64,0.758,0.699,0.627,0.64,105,59,66,207
rf_bal_acc_train1617_test1819 series_04,0.555,0.824,0.69,0.601,0.555,91,73,48,225
rf_bal_acc_train1617_test1819 series_05,0.652,0.744,0.698,0.628,0.652,107,57,70,203
rf_bal_acc_train1617_test1819 series_06,0.628,0.791,0.71,0.636,0.628,103,61,57,216
rf_bal_acc_train1617_test1819 series_07,0.622,0.791,0.707,0.632,0.622,102,62,57,216
rf_bal_acc_train1617_test1819 series_08,0.683,0.729,0.706,0.64,0.683,112,52,74,199
rf_bal_acc_train1617_test1819 series_09,0.689,0.758,0.724,0.659,0.689,113,51,66,207
rf_bal_acc_train1617_test1819 series_10,0.634,0.788,0.711,0.638,0.634,104,60,58,215
rf_bal_acc_train1617_test1819 series_11,0.671,0.81,0.74,0.675,0.671,110,54,52,221
rf_bal_acc_train1617_test1819 series_12,0.652,0.806,0.729,0.66,0.652,107,57,53,220
rf_bal_acc_train1617_test1819 series_13,0.677,0.74,0.708,0.642,0.677,111,53,71,202
rf_bal_acc_train1617_test1819 series_14,0.689,0.821,0.755,0.693,0.689,113,51,49,224
rf_bal_acc_train1617_test1819 series_15,0.726,0.788,0.757,0.698,0.726,119,45,58,215
rf_bal_acc_train1617_test1819 series_16,0.707,0.784,0.746,0.684,0.707,116,48,59,214
rf_bal_acc_train1617_test1819 series_17,0.683,0.813,0.748,0.685,0.683,112,52,51,222
rf_bal_acc_train1617_test1819 series_18,0.64,0.828,0.734,0.665,0.64,105,59,47,226
rf_bal_acc_train1617_test1819 series_19,0.677,0.821,0.749,0.685,0.677,111,53,49,224
rf_bal_acc_train1617_test1819 series_20,0.598,0.791,0.694,0.614,0.598,98,66,57,216
rf_bal_acc_train1617_test1819 series_21,0.665,0.802,0.733,0.667,0.665,109,55,54,219
rf_bal_acc_train1718_test1617 series_00,0.571,0.825,0.698,0.634,0.571,92,69,37,174
rf_bal_acc_train1718_test1617 series_01,0.534,0.839,0.687,0.612,0.534,86,75,34,177
rf_bal_acc_train1718_test1617 series_02,0.54,0.848,0.694,0.621,0.54,87,74,32,179
rf_bal_acc_train1718_test1617 series_03,0.516,0.844,0.68,0.599,0.516,83,78,33,178
rf_bal_acc_train1718_test1617 series_04,0.59,0.853,0.722,0.662,0.59,95,66,31,180
rf_bal_acc_train1718_test1617 series_05,0.534,0.877,0.705,0.63,0.534,86,75,26,185
rf_bal_acc_train1718_test1617 series_06,0.466,0.905,0.686,0.586,0.466,75,86,20,191
rf_bal_acc_train1718_test1617 series_07,0.484,0.886,0.685,0.593,0.484,78,83,24,187
rf_bal_acc_train1718_test1617 series_08,0.553,0.867,0.71,0.64,0.553,89,72,28,183
rf_bal_acc_train1718_test1617 series_09,0.466,0.886,0.676,0.577,0.466,75,86,24,187
rf_bal_acc_train1718_test1617 series_10,0.453,0.915,0.684,0.579,0.453,73,88,18,193
rf_bal_acc_train1718_test1617 series_11,0.553,0.872,0.712,0.643,0.553,89,72,27,184
rf_bal_acc_train1718_test1617 series_12,0.609,0.886,0.747,0.693,0.609,98,63,24,187
rf_bal_acc_train1718_test1617 series_13,0.584,0.853,0.718,0.657,0.584,94,67,31,180
rf_bal_acc_train1718_test1617 series_14,0.584,0.891,0.737,0.676,0.584,94,67,23,188
rf_bal_acc_train1718_test1617 series_15,0.23,0.981,0.605,0.366,0.23,37,124,4,207
rf_bal_acc_train1718_test1617 series_16,0.621,0.867,0.744,0.692,0.621,100,61,28,183
rf_bal_acc_train1718_test1617 series_17,0.634,0.877,0.755,0.706,0.634,102,59,26,185
rf_bal_acc_train1718_test1617 series_18,0.559,0.9,0.73,0.662,0.559,90,71,21,190
rf_bal_acc_train1718_test1617 series_19,0.584,0.863,0.723,0.662,0.584,94,67,29,182
rf_bal_acc_train1718_test1617 series_20,0.627,0.9,0.764,0.714,0.627,101,60,21,190
rf_bal_acc_train1718_test1617 series_21,0.559,0.891,0.725,0.657,0.559,90,71,23,188
rf_bal_acc_train1718_test1819 series_00,0.713,0.736,0.725,0.663,0.713,117,47,72,201
rf_bal_acc_train1718_test1819 series_01,0.598,0.835,0.716,0.638,0.598,98,66,45,228
rf_bal_acc_train1718_test1819 series_02,0.665,0.795,0.73,0.663,0.665,109,55,56,217
rf_bal_acc_train1718_test1819 series_03,0.61,0.828,0.719,0.643,0.61,100,64,47,226
rf_bal_acc_train1718_test1819 series_04,0.549,0.842,0.696,0.606,0.549,90,74,43,230
rf_bal_acc_train1718_test1819 series_05,0.573,0.842,0.708,0.625,0.573,94,70,43,230
rf_bal_acc_train1718_test1819 series_06,0.604,0.832,0.718,0.641,0.604,99,65,46,227
rf_bal_acc_train1718_test1819 series_07,0.585,0.828,0.707,0.625,0.585,96,68,47,226
rf_bal_acc_train1718_test1819 series_08,0.652,0.821,0.736,0.669,0.652,107,57,49,224
rf_bal_acc_train1718_test1819 series_09,0.518,0.868,0.693,0.596,0.518,85,79,36,237
rf_bal_acc_train1718_test1819 series_10,0.555,0.835,0.695,0.607,0.555,91,73,45,228
rf_bal_acc_train1718_test1819 series_11,0.659,0.78,0.719,0.651,0.659,108,56,60,213
rf_bal_acc_train1718_test1819 series_12,0.598,0.835,0.716,0.638,0.598,98,66,45,228
rf_bal_acc_train1718_test1819 series_13,0.665,0.788,0.726,0.659,0.665,109,55,58,215
rf_bal_acc_train1718_test1819 series_14,0.616,0.835,0.726,0.652,0.616,101,63,45,228
rf_bal_acc_train1718_test1819 series_15,0.659,0.791,0.725,0.657,0.659,108,56,57,216
rf_bal_acc_train1718_test1819 series_16,0.689,0.795,0.742,0.679,0.689,113,51,56,217
rf_bal_acc_train1718_test1819 series_17,0.677,0.806,0.741,0.677,0.677,111,53,53,220
rf_bal_acc_train1718_test1819 series_18,0.738,0.784,0.761,0.703,0.738,121,43,59,214
rf_bal_acc_train1718_test1819 series_19,0.738,0.799,0.768,0.712,0.738,121,43,55,218
rf_bal_acc_train1718_test1819 series_20,0.683,0.791,0.737,0.673,0.683,112,52,57,216
rf_bal_acc_train1718_test1819 series_21,0.591,0.813,0.702,0.622,0.591,97,67,51,222
rf_bal_acc_train1819_test1617 series_00,0.503,0.815,0.659,0.577,0.503,81,80,39,172
rf_bal_acc_train1819_test1617 series_01,0.547,0.796,0.671,0.603,0.547,88,73,43,168
rf_bal_acc_train1819_test1617 series_02,0.516,0.81,0.663,0.585,0.516,83,78,40,171
rf_bal_acc_train1819_test1617 series_03,0.522,0.839,0.68,0.602,0.522,84,77,34,177
rf_bal_acc_train1819_test1617 series_04,0.553,0.867,0.71,0.64,0.553,89,72,28,183
rf_bal_acc_train1819_test1617 series_05,0.516,0.886,0.701,0.619,0.516,83,78,24,187
rf_bal_acc_train1819_test1617 series_06,0.484,0.882,0.683,0.591,0.484,78,83,25,186
rf_bal_acc_train1819_test1617 series_07,0.484,0.891,0.688,0.595,0.484,78,83,23,188
rf_bal_acc_train1819_test1617 series_08,0.447,0.919,0.683,0.576,0.447,72,89,17,194
rf_bal_acc_train1819_test1617 series_09,0.516,0.886,0.701,0.619,0.516,83,78,24,187
rf_bal_acc_train1819_test1617 series_10,0.584,0.891,0.737,0.676,0.584,94,67,23,188
rf_bal_acc_train1819_test1617 series_11,0.522,0.924,0.723,0.644,0.522,84,77,16,195
rf_bal_acc_train1819_test1617 series_12,0.553,0.905,0.729,0.659,0.553,89,72,20,191
rf_bal_acc_train1819_test1617 series_13,0.484,0.976,0.73,0.639,0.484,78,83,5,206
rf_bal_acc_train1819_test1617 series_14,0.484,0.948,0.716,0.624,0.484,78,83,11,200
rf_bal_acc_train1819_test1617 series_15,0.006,1.0,0.503,0.012,0.006,1,160,0,211
rf_bal_acc_train1819_test1617 series_16,0.54,0.924,0.732,0.659,0.54,87,74,16,195
rf_bal_acc_train1819_test1617 series_17,0.441,0.962,0.702,0.592,0.441,71,90,8,203
rf_bal_acc_train1819_test1617 series_18,0.534,0.962,0.748,0.675,0.534,86,75,8,203
rf_bal_acc_train1819_test1617 series_19,0.528,0.929,0.728,0.651,0.528,85,76,15,196
rf_bal_acc_train1819_test1617 series_20,0.54,0.929,0.735,0.662,0.54,87,74,15,196
rf_bal_acc_train1819_test1617 series_21,0.522,0.938,0.73,0.651,0.522,84,77,13,198
rf_bal_acc_train1819_test1718 series_00,0.422,0.9,0.661,0.535,0.422,65,89,24,215
rf_bal_acc_train1819_test1718 series_01,0.506,0.895,0.701,0.607,0.506,78,76,25,214
rf_bal_acc_train1819_test1718 series_02,0.571,0.841,0.706,0.629,0.571,88,66,38,201
rf_bal_acc_train1819_test1718 series_03,0.506,0.87,0.688,0.593,0.506,78,76,31,208
rf_bal_acc_train1819_test1718 series_04,0.584,0.879,0.732,0.659,0.584,90,64,29,210
rf_bal_acc_train1819_test1718 series_05,0.513,0.925,0.719,0.629,0.513,79,75,18,221
rf_bal_acc_train1819_test1718 series_06,0.506,0.929,0.718,0.627,0.506,78,76,17,222
rf_bal_acc_train1819_test1718 series_07,0.584,0.895,0.74,0.669,0.584,90,64,25,214
rf_bal_acc_train1819_test1718 series_08,0.578,0.916,0.747,0.677,0.578,89,65,20,219
rf_bal_acc_train1819_test1718 series_09,0.526,0.954,0.74,0.659,0.526,81,73,11,228
rf_bal_acc_train1819_test1718 series_10,0.539,0.954,0.746,0.669,0.539,83,71,11,228
rf_bal_acc_train1819_test1718 series_11,0.461,0.979,0.72,0.617,0.461,71,83,5,234
rf_bal_acc_train1819_test1718 series_12,0.487,0.962,0.725,0.63,0.487,75,79,9,230
rf_bal_acc_train1819_test1718 series_13,0.474,0.962,0.718,0.619,0.474,73,81,9,230
rf_bal_acc_train1819_test1718 series_14,0.5,0.971,0.735,0.647,0.5,77,77,7,232
rf_bal_acc_train1819_test1718 series_15,0.494,0.95,0.722,0.628,0.494,76,78,12,227
rf_bal_acc_train1819_test1718 series_16,0.474,0.971,0.722,0.624,0.474,73,81,7,232
rf_bal_acc_train1819_test1718 series_17,0.474,0.971,0.722,0.624,0.474,73,81,7,232
rf_bal_acc_train1819_test1718 series_18,0.552,0.967,0.759,0.688,0.552,85,69,8,231
rf_bal_acc_train1819_test1718 series_19,0.571,0.946,0.759,0.69,0.571,88,66,13,226
rf_bal_acc_train1819_test1718 series_20,0.532,0.971,0.752,0.675,0.532,82,72,7,232
rf_bal_acc_train1819_test1718 series_21,0.455,0.975,0.715,0.609,0.455,70,84,6,233
rf_bal_acc_all1617 series_01 part1,0.545,0.857,0.701,0.632,0.545,18,15,6,36
rf_bal_acc_all1617 series_01 part2,0.625,0.767,0.696,0.645,0.625,20,12,10,33
rf_bal_acc_all1617 series_01 part3,0.562,0.762,0.662,0.6,0.562,18,14,10,32
rf_bal_acc_all1617 series_01 part4,0.625,0.905,0.765,0.714,0.625,20,12,4,38
rf_bal_acc_all1617 series_01 part5,0.656,0.762,0.709,0.667,0.656,21,11,10,32
rf_bal_acc_all1617 series_01 MEAN,0.603,0.811,0.707,0.652,0.603,19.4,12.8,8.0,34.2
rf_bal_acc_all1617 series_02 part1,0.625,0.698,0.661,0.615,0.625,20,12,13,30
rf_bal_acc_all1617 series_02 part2,0.636,0.81,0.723,0.677,0.636,21,12,8,34
rf_bal_acc_all1617 series_02 part3,0.531,0.833,0.682,0.607,0.531,17,15,7,35
rf_bal_acc_all1617 series_02 part4,0.656,0.81,0.733,0.689,0.656,21,11,8,34
rf_bal_acc_all1617 series_02 part5,0.562,0.833,0.698,0.632,0.562,18,14,7,35
rf_bal_acc_all1617 series_02 MEAN,0.602,0.797,0.699,0.644,0.602,19.4,12.8,8.6,33.6
rf_bal_acc_all1617 series_03 part1,0.576,0.786,0.681,0.623,0.576,19,14,9,33
rf_bal_acc_all1617 series_03 part2,0.531,0.767,0.649,0.576,0.531,17,15,10,33
rf_bal_acc_all1617 series_03 part3,0.688,0.881,0.784,0.746,0.688,22,10,5,37
rf_bal_acc_all1617 series_03 part4,0.5,0.857,0.679,0.593,0.5,16,16,6,36
rf_bal_acc_all1617 series_03 part5,0.656,0.762,0.709,0.667,0.656,21,11,10,32
rf_bal_acc_all1617 series_03 MEAN,0.59,0.811,0.7,0.641,0.59,19.0,13.2,8.0,34.2
rf_bal_acc_all1617 series_04 part1,0.656,0.721,0.689,0.646,0.656,21,11,12,31
rf_bal_acc_all1617 series_04 part2,0.697,0.952,0.825,0.793,0.697,23,10,2,40
rf_bal_acc_all1617 series_04 part3,0.531,0.881,0.706,0.63,0.531,17,15,5,37
rf_bal_acc_all1617 series_04 part4,0.531,0.738,0.635,0.567,0.531,17,15,11,31
rf_bal_acc_all1617 series_04 part5,0.719,0.762,0.74,0.708,0.719,23,9,10,32
rf_bal_acc_all1617 series_04 MEAN,0.627,0.811,0.719,0.669,0.627,20.2,12.0,8.0,34.2
rf_bal_acc_all1617 series_05 part1,0.719,0.721,0.72,0.687,0.719,23,9,12,31
rf_bal_acc_all1617 series_05 part2,0.606,0.786,0.696,0.645,0.606,20,13,9,33
rf_bal_acc_all1617 series_05 part3,0.469,0.786,0.627,0.536,0.469,15,17,9,33
rf_bal_acc_all1617 series_05 part4,0.656,0.833,0.745,0.7,0.656,21,11,7,35
rf_bal_acc_all1617 series_05 part5,0.688,0.929,0.808,0.772,0.688,22,10,3,39
rf_bal_acc_all1617 series_05 MEAN,0.627,0.811,0.719,0.668,0.627,20.2,12.0,8.0,34.2
rf_bal_acc_all1617 series_06 part1,0.562,0.814,0.688,0.621,0.562,18,14,8,35
rf_bal_acc_all1617 series_06 part2,0.606,0.857,0.732,0.678,0.606,20,13,6,36
rf_bal_acc_all1617 series_06 part3,0.75,0.833,0.792,0.762,0.75,24,8,7,35
rf_bal_acc_all1617 series_06 part4,0.688,0.738,0.713,0.677,0.688,22,10,11,31
rf_bal_acc_all1617 series_06 part5,0.625,0.69,0.658,0.615,0.625,20,12,13,29
rf_bal_acc_all1617 series_06 MEAN,0.646,0.787,0.716,0.671,0.646,20.8,11.4,9.0,33.2
rf_bal_acc_all1617 series_07 part1,0.697,0.833,0.765,0.73,0.697,23,10,7,35
rf_bal_acc_all1617 series_07 part2,0.5,0.814,0.657,0.571,0.5,16,16,8,35
rf_bal_acc_all1617 series_07 part3,0.719,0.786,0.752,0.719,0.719,23,9,9,33
rf_bal_acc_all1617 series_07 part4,0.469,0.786,0.627,0.536,0.469,15,17,9,33
rf_bal_acc_all1617 series_07 part5,0.625,0.905,0.765,0.714,0.625,20,12,4,38
rf_bal_acc_all1617 series_07 MEAN,0.602,0.825,0.713,0.654,0.602,19.4,12.8,7.4,34.8
rf_bal_acc_all1617 series_08 part1,0.719,0.698,0.708,0.676,0.719,23,9,13,30
rf_bal_acc_all1617 series_08 part2,0.788,0.857,0.823,0.8,0.788,26,7,6,36
rf_bal_acc_all1617 series_08 part3,0.719,0.714,0.717,0.687,0.719,23,9,12,30
rf_bal_acc_all1617 series_08 part4,0.531,0.881,0.706,0.63,0.531,17,15,5,37
rf_bal_acc_all1617 series_08 part5,0.469,0.81,0.639,0.545,0.469,15,17,8,34
rf_bal_acc_all1617 series_08 MEAN,0.645,0.792,0.718,0.668,0.645,20.8,11.4,8.8,33.4
rf_bal_acc_all1617 series_09 part1,0.758,0.857,0.807,0.781,0.758,25,8,6,36
rf_bal_acc_all1617 series_09 part2,0.5,0.837,0.669,0.582,0.5,16,16,7,36
rf_bal_acc_all1617 series_09 part3,0.594,0.929,0.761,0.704,0.594,19,13,3,39
rf_bal_acc_all1617 series_09 part4,0.812,0.738,0.775,0.754,0.812,26,6,11,31
rf_bal_acc_all1617 series_09 part5,0.438,0.857,0.647,0.538,0.438,14,18,6,36
rf_bal_acc_all1617 series_09 MEAN,0.62,0.844,0.732,0.672,0.62,20.0,12.2,6.6,35.6
rf_bal_acc_all1617 series_10 part1,0.594,0.791,0.692,0.633,0.594,19,13,9,34
rf_bal_acc_all1617 series_10 part2,0.576,0.881,0.728,0.667,0.576,19,14,5,37
rf_bal_acc_all1617 series_10 part3,0.625,0.833,0.729,0.678,0.625,20,12,7,35
rf_bal_acc_all1617 series_10 part4,0.625,0.857,0.741,0.69,0.625,20,12,6,36
rf_bal_acc_all1617 series_10 part5,0.688,0.714,0.701,0.667,0.688,22,10,12,30
rf_bal_acc_all1617 series_10 MEAN,0.621,0.815,0.718,0.667,0.621,20.0,12.2,7.8,34.4
rf_bal_acc_all1617 series_11 part1,0.818,0.762,0.79,0.771,0.818,27,6,10,32
rf_bal_acc_all1617 series_11 part2,0.562,0.837,0.7,0.632,0.562,18,14,7,36
rf_bal_acc_all1617 series_11 part3,0.719,0.833,0.776,0.742,0.719,23,9,7,35
rf_bal_acc_all1617 series_11 part4,0.656,0.833,0.745,0.7,0.656,21,11,7,35
rf_bal_acc_all1617 series_11 part5,0.625,0.881,0.753,0.702,0.625,20,12,5,37
rf_bal_acc_all1617 series_11 MEAN,0.676,0.829,0.753,0.709,0.676,21.8,10.4,7.2,35.0
rf_bal_acc_all1617 series_12 part1,0.606,0.857,0.732,0.678,0.606,20,13,6,36
rf_bal_acc_all1617 series_12 part2,0.656,0.837,0.747,0.7,0.656,21,11,7,36
rf_bal_acc_all1617 series_12 part3,0.625,0.786,0.705,0.656,0.625,20,12,9,33
rf_bal_acc_all1617 series_12 part4,0.656,0.857,0.757,0.712,0.656,21,11,6,36
rf_bal_acc_all1617 series_12 part5,0.844,0.881,0.862,0.844,0.844,27,5,5,37
rf_bal_acc_all1617 series_12 MEAN,0.677,0.844,0.761,0.718,0.677,21.8,10.4,6.6,35.6
rf_bal_acc_all1617 series_13 part1,0.719,0.837,0.778,0.742,0.719,23,9,7,36
rf_bal_acc_all1617 series_13 part2,0.545,0.762,0.654,0.59,0.545,18,15,10,32
rf_bal_acc_all1617 series_13 part3,0.656,0.857,0.757,0.712,0.656,21,11,6,36
rf_bal_acc_all1617 series_13 part4,0.688,0.857,0.772,0.733,0.688,22,10,6,36
rf_bal_acc_all1617 series_13 part5,0.531,0.881,0.706,0.63,0.531,17,15,5,37
rf_bal_acc_all1617 series_13 MEAN,0.628,0.839,0.733,0.681,0.628,20.2,12.0,6.8,35.4
rf_bal_acc_all1617 series_14 part1,0.656,0.767,0.712,0.667,0.656,21,11,10,33
rf_bal_acc_all1617 series_14 part2,0.667,0.929,0.798,0.759,0.667,22,11,3,39
rf_bal_acc_all1617 series_14 part3,0.688,0.833,0.76,0.721,0.688,22,10,7,35
rf_bal_acc_all1617 series_14 part4,0.469,0.857,0.663,0.566,0.469,15,17,6,36
rf_bal_acc_all1617 series_14 part5,0.75,0.762,0.756,0.727,0.75,24,8,10,32
rf_bal_acc_all1617 series_14 MEAN,0.646,0.83,0.738,0.688,0.646,20.8,11.4,7.2,35.0
rf_bal_acc_all1617 series_15 part1,0.531,0.814,0.673,0.596,0.531,17,15,8,35
rf_bal_acc_all1617 series_15 part2,0.606,0.786,0.696,0.645,0.606,20,13,9,33
rf_bal_acc_all1617 series_15 part3,0.656,0.929,0.792,0.75,0.656,21,11,3,39
rf_bal_acc_all1617 series_15 part4,0.594,0.857,0.725,0.667,0.594,19,13,6,36
rf_bal_acc_all1617 series_15 part5,0.688,0.881,0.784,0.746,0.688,22,10,5,37
rf_bal_acc_all1617 series_15 MEAN,0.615,0.853,0.734,0.681,0.615,19.8,12.4,6.2,36.0
rf_bal_acc_all1617 series_16 part1,0.719,0.791,0.755,0.719,0.719,23,9,9,34
rf_bal_acc_all1617 series_16 part2,0.636,0.833,0.735,0.689,0.636,21,12,7,35
rf_bal_acc_all1617 series_16 part3,0.625,0.881,0.753,0.702,0.625,20,12,5,37
rf_bal_acc_all1617 series_16 part4,0.656,0.762,0.709,0.667,0.656,21,11,10,32
rf_bal_acc_all1617 series_16 part5,0.625,0.976,0.801,0.755,0.625,20,12,1,41
rf_bal_acc_all1617 series_16 MEAN,0.652,0.849,0.75,0.706,0.652,21.0,11.2,6.4,35.8
rf_bal_acc_all1617 series_17 part1,0.727,0.929,0.828,0.8,0.727,24,9,3,39
rf_bal_acc_all1617 series_17 part2,0.531,0.884,0.707,0.63,0.531,17,15,5,38
rf_bal_acc_all1617 series_17 part3,0.719,0.857,0.788,0.754,0.719,23,9,6,36
rf_bal_acc_all1617 series_17 part4,0.688,0.881,0.784,0.746,0.688,22,10,5,37
rf_bal_acc_all1617 series_17 part5,0.406,0.857,0.632,0.51,0.406,13,19,6,36
rf_bal_acc_all1617 series_17 MEAN,0.614,0.882,0.748,0.688,0.614,19.8,12.4,5.0,37.2
rf_bal_acc_all1617 series_18 part1,0.781,0.884,0.832,0.806,0.781,25,7,5,38
rf_bal_acc_all1617 series_18 part2,0.606,0.857,0.732,0.678,0.606,20,13,6,36
rf_bal_acc_all1617 series_18 part3,0.594,0.857,0.725,0.667,0.594,19,13,6,36
rf_bal_acc_all1617 series_18 part4,0.625,0.786,0.705,0.656,0.625,20,12,9,33
rf_bal_acc_all1617 series_18 part5,0.469,0.952,0.711,0.612,0.469,15,17,2,40
rf_bal_acc_all1617 series_18 MEAN,0.615,0.867,0.741,0.684,0.615,19.8,12.4,5.6,36.6
rf_bal_acc_all1617 series_19 part1,0.576,0.952,0.764,0.704,0.576,19,14,2,40
rf_bal_acc_all1617 series_19 part2,0.5,0.744,0.622,0.542,0.5,16,16,11,32
rf_bal_acc_all1617 series_19 part3,0.656,0.881,0.769,0.724,0.656,21,11,5,37
rf_bal_acc_all1617 series_19 part4,0.719,0.762,0.74,0.708,0.719,23,9,10,32
rf_bal_acc_all1617 series_19 part5,0.719,0.929,0.824,0.793,0.719,23,9,3,39
rf_bal_acc_all1617 series_19 MEAN,0.634,0.854,0.744,0.694,0.634,20.4,11.8,6.2,36.0
rf_bal_acc_all1617 series_20 part1,0.576,0.881,0.728,0.667,0.576,19,14,5,37
rf_bal_acc_all1617 series_20 part2,0.656,0.814,0.735,0.689,0.656,21,11,8,35
rf_bal_acc_all1617 series_20 part3,0.438,0.929,0.683,0.571,0.438,14,18,3,39
rf_bal_acc_all1617 series_20 part4,0.688,0.881,0.784,0.746,0.688,22,10,5,37
rf_bal_acc_all1617 series_20 part5,0.656,0.738,0.697,0.656,0.656,21,11,11,31
rf_bal_acc_all1617 series_20 MEAN,0.603,0.849,0.726,0.666,0.603,19.4,12.8,6.4,35.8
rf_bal_acc_all1617 series_21 part1,0.594,0.814,0.704,0.644,0.594,19,13,8,35
rf_bal_acc_all1617 series_21 part2,0.667,1.0,0.833,0.8,0.667,22,11,0,42
rf_bal_acc_all1617 series_21 part3,0.75,0.857,0.804,0.774,0.75,24,8,6,36
rf_bal_acc_all1617 series_21 part4,0.531,0.905,0.718,0.642,0.531,17,15,4,38
rf_bal_acc_all1617 series_21 part5,0.594,0.833,0.714,0.655,0.594,19,13,7,35
rf_bal_acc_all1617 series_21 MEAN,0.627,0.882,0.754,0.703,0.627,20.2,12.0,5.0,37.2
rf_bal_acc_all1617 series_22 part1,0.594,0.814,0.704,0.644,0.594,19,13,8,35
rf_bal_acc_all1617 series_22 part2,0.636,0.881,0.759,0.712,0.636,21,12,5,37
rf_bal_acc_all1617 series_22 part3,0.594,0.905,0.749,0.691,0.594,19,13,4,38
rf_bal_acc_all1617 series_22 part4,0.688,0.905,0.796,0.759,0.688,22,10,4,38
rf_bal_acc_all1617 series_22 part5,0.719,0.857,0.788,0.754,0.719,23,9,6,36
rf_bal_acc_all1617 series_22 MEAN,0.646,0.872,0.759,0.712,0.646,20.8,11.4,5.4,36.8
rf_bal_acc_all1718 series_01 part1,0.581,0.896,0.738,0.667,0.581,18,13,5,43
rf_bal_acc_all1718 series_01 part2,0.548,0.875,0.712,0.63,0.548,17,14,6,42
rf_bal_acc_all1718 series_01 part3,0.742,0.771,0.756,0.708,0.742,23,8,11,37
rf_bal_acc_all1718 series_01 part4,0.645,0.894,0.769,0.714,0.645,20,11,5,42
rf_bal_acc_all1718 series_01 part5,0.733,0.708,0.721,0.667,0.733,22,8,14,34
rf_bal_acc_all1718 series_01 MEAN,0.65,0.829,0.739,0.677,0.65,20.0,10.8,8.2,39.6
rf_bal_acc_all1718 series_02 part1,0.742,0.854,0.798,0.754,0.742,23,8,7,41
rf_bal_acc_all1718 series_02 part2,0.581,0.708,0.644,0.571,0.581,18,13,14,34
rf_bal_acc_all1718 series_02 part3,0.516,0.833,0.675,0.582,0.516,16,15,8,40
rf_bal_acc_all1718 series_02 part4,0.667,0.917,0.792,0.741,0.667,20,10,4,44
rf_bal_acc_all1718 series_02 part5,0.548,0.894,0.721,0.642,0.548,17,14,5,42
rf_bal_acc_all1718 series_02 MEAN,0.611,0.841,0.726,0.658,0.611,18.8,12.0,7.6,40.2
rf_bal_acc_all1718 series_03 part1,0.71,0.75,0.73,0.677,0.71,22,9,12,36
rf_bal_acc_all1718 series_03 part2,0.548,0.896,0.722,0.642,0.548,17,14,5,43
rf_bal_acc_all1718 series_03 part3,0.581,0.667,0.624,0.554,0.581,18,13,16,32
rf_bal_acc_all1718 series_03 part4,0.774,0.894,0.834,0.8,0.774,24,7,5,42
rf_bal_acc_all1718 series_03 part5,0.667,0.833,0.75,0.69,0.667,20,10,8,40
rf_bal_acc_all1718 series_03 MEAN,0.656,0.808,0.732,0.672,0.656,20.2,10.6,9.2,38.6
rf_bal_acc_all1718 series_04 part1,0.645,0.854,0.75,0.69,0.645,20,11,7,41
rf_bal_acc_all1718 series_04 part2,0.677,0.75,0.714,0.656,0.677,21,10,12,36
rf_bal_acc_all1718 series_04 part3,0.581,0.854,0.717,0.643,0.581,18,13,7,41
rf_bal_acc_all1718 series_04 part4,0.533,0.875,0.704,0.615,0.533,16,14,6,42
rf_bal_acc_all1718 series_04 part5,0.516,0.723,0.62,0.533,0.516,16,15,13,34
rf_bal_acc_all1718 series_04 MEAN,0.591,0.811,0.701,0.627,0.591,18.2,12.6,9.0,38.8
rf_bal_acc_all1718 series_05 part1,0.484,0.875,0.679,0.577,0.484,15,16,6,42
rf_bal_acc_all1718 series_05 part2,0.839,0.812,0.826,0.788,0.839,26,5,9,39
rf_bal_acc_all1718 series_05 part3,0.677,0.792,0.735,0.677,0.677,21,10,10,38
rf_bal_acc_all1718 series_05 part4,0.8,0.812,0.806,0.762,0.8,24,6,9,39
rf_bal_acc_all1718 series_05 part5,0.677,0.894,0.786,0.737,0.677,21,10,5,42
rf_bal_acc_all1718 series_05 MEAN,0.695,0.837,0.766,0.708,0.695,21.4,9.4,7.8,40.0
rf_bal_acc_all1718 series_06 part1,0.548,0.917,0.733,0.654,0.548,17,14,4,44
rf_bal_acc_all1718 series_06 part2,0.774,0.812,0.793,0.75,0.774,24,7,9,39
rf_bal_acc_all1718 series_06 part3,0.613,0.812,0.713,0.644,0.613,19,12,9,39
rf_bal_acc_all1718 series_06 part4,0.633,0.75,0.692,0.623,0.633,19,11,12,36
rf_bal_acc_all1718 series_06 part5,0.645,0.83,0.737,0.678,0.645,20,11,8,39
rf_bal_acc_all1718 series_06 MEAN,0.643,0.824,0.734,0.67,0.643,19.8,11.0,8.4,39.4
rf_bal_acc_all1718 series_07 part1,0.645,0.833,0.739,0.678,0.645,20,11,8,40
rf_bal_acc_all1718 series_07 part2,0.581,0.896,0.738,0.667,0.581,18,13,5,43
rf_bal_acc_all1718 series_07 part3,0.677,0.875,0.776,0.724,0.677,21,10,6,42
rf_bal_acc_all1718 series_07 part4,0.613,0.872,0.743,0.679,0.613,19,12,6,41
rf_bal_acc_all1718 series_07 part5,0.567,0.771,0.669,0.586,0.567,17,13,11,37
rf_bal_acc_all1718 series_07 MEAN,0.617,0.849,0.733,0.667,0.617,19.0,11.8,7.2,40.6
rf_bal_acc_all1718 series_08 part1,0.452,0.896,0.674,0.56,0.452,14,17,5,43
rf_bal_acc_all1718 series_08 part2,0.645,0.875,0.76,0.702,0.645,20,11,6,42
rf_bal_acc_all1718 series_08 part3,0.613,0.854,0.734,0.667,0.613,19,12,7,41
rf_bal_acc_all1718 series_08 part4,0.7,0.833,0.767,0.712,0.7,21,9,8,40
rf_bal_acc_all1718 series_08 part5,0.645,0.894,0.769,0.714,0.645,20,11,5,42
rf_bal_acc_all1718 series_08 MEAN,0.611,0.87,0.741,0.671,0.611,18.8,12.0,6.2,41.6
rf_bal_acc_all1718 series_09 part1,0.871,0.792,0.831,0.794,0.871,27,4,10,38
rf_bal_acc_all1718 series_09 part2,0.581,0.979,0.78,0.72,0.581,18,13,1,47
rf_bal_acc_all1718 series_09 part3,0.645,0.688,0.666,0.606,0.645,20,11,15,33
rf_bal_acc_all1718 series_09 part4,0.567,0.917,0.742,0.667,0.567,17,13,4,44
rf_bal_acc_all1718 series_09 part5,0.581,0.957,0.769,0.706,0.581,18,13,2,45
rf_bal_acc_all1718 series_09 MEAN,0.649,0.866,0.758,0.699,0.649,20.0,10.8,6.4,41.4
rf_bal_acc_all1718 series_10 part1,0.677,0.854,0.766,0.712,0.677,21,10,7,41
rf_bal_acc_all1718 series_10 part2,0.645,0.875,0.76,0.702,0.645,20,11,6,42
rf_bal_acc_all1718 series_10 part3,0.484,0.958,0.721,0.625,0.484,15,16,2,46
rf_bal_acc_all1718 series_10 part4,0.645,0.957,0.801,0.755,0.645,20,11,2,45
rf_bal_acc_all1718 series_10 part5,0.6,0.792,0.696,0.621,0.6,18,12,10,38
rf_bal_acc_all1718 series_10 MEAN,0.61,0.887,0.749,0.683,0.61,18.8,12.0,5.4,42.4
rf_bal_acc_all1718 series_11 part1,0.516,0.938,0.727,0.64,0.516,16,15,3,45
rf_bal_acc_all1718 series_11 part2,0.677,0.854,0.766,0.712,0.677,21,10,7,41
rf_bal_acc_all1718 series_11 part3,0.548,0.875,0.712,0.63,0.548,17,14,6,42
rf_bal_acc_all1718 series_11 part4,0.613,0.872,0.743,0.679,0.613,19,12,6,41
rf_bal_acc_all1718 series_11 part5,0.833,0.854,0.844,0.806,0.833,25,5,7,41
rf_bal_acc_all1718 series_11 MEAN,0.638,0.879,0.758,0.693,0.638,19.6,11.2,5.8,42.0
rf_bal_acc_all1718 series_12 part1,0.645,0.833,0.739,0.678,0.645,20,11,8,40
rf_bal_acc_all1718 series_12 part2,0.613,0.896,0.754,0.691,0.613,19,12,5,43
rf_bal_acc_all1718 series_12 part3,0.742,0.833,0.788,0.742,0.742,23,8,8,40
rf_bal_acc_all1718 series_12 part4,0.667,0.917,0.792,0.741,0.667,20,10,4,44
rf_bal_acc_all1718 series_12 part5,0.613,0.809,0.711,0.644,0.613,19,12,9,38
rf_bal_acc_all1718 series_12 MEAN,0.656,0.858,0.757,0.699,0.656,20.2,10.6,6.8,41.0
rf_bal_acc_all1718 series_13 part1,0.548,0.833,0.691,0.607,0.548,17,14,8,40
rf_bal_acc_all1718 series_13 part2,0.742,0.896,0.819,0.78,0.742,23,8,5,43
rf_bal_acc_all1718 series_13 part3,0.613,0.896,0.754,0.691,0.613,19,12,5,43
rf_bal_acc_all1718 series_13 part4,0.7,0.917,0.808,0.764,0.7,21,9,4,44
rf_bal_acc_all1718 series_13 part5,0.613,0.872,0.743,0.679,0.613,19,12,6,41
rf_bal_acc_all1718 series_13 MEAN,0.643,0.883,0.763,0.704,0.643,19.8,11.0,5.6,42.2
rf_bal_acc_all1718 series_14 part1,0.581,0.917,0.749,0.679,0.581,18,13,4,44
rf_bal_acc_all1718 series_14 part2,0.71,0.875,0.792,0.746,0.71,22,9,6,42
rf_bal_acc_all1718 series_14 part3,0.613,0.896,0.754,0.691,0.613,19,12,5,43
rf_bal_acc_all1718 series_14 part4,0.6,0.812,0.706,0.632,0.6,18,12,9,39
rf_bal_acc_all1718 series_14 part5,0.71,0.809,0.759,0.71,0.71,22,9,9,38
rf_bal_acc_all1718 series_14 MEAN,0.643,0.862,0.752,0.691,0.643,19.8,11.0,6.6,41.2
rf_bal_acc_all1718 series_15 part1,0.742,0.875,0.808,0.767,0.742,23,8,6,42
rf_bal_acc_all1718 series_15 part2,0.71,0.854,0.782,0.733,0.71,22,9,7,41
rf_bal_acc_all1718 series_15 part3,0.71,0.958,0.834,0.8,0.71,22,9,2,46
rf_bal_acc_all1718 series_15 part4,0.516,0.894,0.705,0.615,0.516,16,15,5,42
rf_bal_acc_all1718 series_15 part5,0.567,0.854,0.71,0.63,0.567,17,13,7,41
rf_bal_acc_all1718 series_15 MEAN,0.649,0.887,0.768,0.709,0.649,20.0,10.8,5.4,42.4
rf_bal_acc_all1718 series_16 part1,0.742,0.875,0.808,0.767,0.742,23,8,6,42
rf_bal_acc_all1718 series_16 part2,0.806,0.875,0.841,0.806,0.806,25,6,6,42
rf_bal_acc_all1718 series_16 part3,0.645,0.854,0.75,0.69,0.645,20,11,7,41
rf_bal_acc_all1718 series_16 part4,0.677,0.872,0.775,0.724,0.677,21,10,6,41
rf_bal_acc_all1718 series_16 part5,0.6,0.896,0.748,0.679,0.6,18,12,5,43
rf_bal_acc_all1718 series_16 MEAN,0.694,0.874,0.784,0.733,0.694,21.4,9.4,6.0,41.8
rf_bal_acc_all1718 series_17 part1,0.677,0.875,0.776,0.724,0.677,21,10,6,42
rf_bal_acc_all1718 series_17 part2,0.645,0.938,0.791,0.741,0.645,20,11,3,45
rf_bal_acc_all1718 series_17 part3,0.645,0.812,0.729,0.667,0.645,20,11,9,39
rf_bal_acc_all1718 series_17 part4,0.767,0.958,0.862,0.836,0.767,23,7,2,46
rf_bal_acc_all1718 series_17 part5,0.645,0.872,0.759,0.702,0.645,20,11,6,41
rf_bal_acc_all1718 series_17 MEAN,0.676,0.891,0.784,0.734,0.676,20.8,10.0,5.2,42.6
rf_bal_acc_all1718 series_18 part1,0.71,0.958,0.834,0.8,0.71,22,9,2,46
rf_bal_acc_all1718 series_18 part2,0.581,0.854,0.717,0.643,0.581,18,13,7,41
rf_bal_acc_all1718 series_18 part3,0.645,0.896,0.77,0.714,0.645,20,11,5,43
rf_bal_acc_all1718 series_18 part4,0.806,0.851,0.829,0.794,0.806,25,6,7,40
rf_bal_acc_all1718 series_18 part5,0.7,0.771,0.735,0.677,0.7,21,9,11,37
rf_bal_acc_all1718 series_18 MEAN,0.688,0.866,0.777,0.726,0.688,21.2,9.6,6.4,41.4
rf_bal_acc_all1718 series_19 part1,0.516,0.833,0.675,0.582,0.516,16,15,8,40
rf_bal_acc_all1718 series_19 part2,0.613,0.896,0.754,0.691,0.613,19,12,5,43
rf_bal_acc_all1718 series_19 part3,0.677,0.917,0.797,0.75,0.677,21,10,4,44
rf_bal_acc_all1718 series_19 part4,0.7,0.875,0.788,0.737,0.7,21,9,6,42
rf_bal_acc_all1718 series_19 part5,0.71,0.851,0.78,0.733,0.71,22,9,7,40
rf_bal_acc_all1718 series_19 MEAN,0.643,0.874,0.759,0.699,0.643,19.8,11.0,6.0,41.8
rf_bal_acc_all1718 series_20 part1,0.645,0.812,0.729,0.667,0.645,20,11,9,39
rf_bal_acc_all1718 series_20 part2,0.548,0.854,0.701,0.618,0.548,17,14,7,41
rf_bal_acc_all1718 series_20 part3,0.806,0.875,0.841,0.806,0.806,25,6,6,42
rf_bal_acc_all1718 series_20 part4,0.667,0.854,0.76,0.702,0.667,20,10,7,41
rf_bal_acc_all1718 series_20 part5,0.548,0.915,0.732,0.654,0.548,17,14,4,43
rf_bal_acc_all1718 series_20 MEAN,0.643,0.862,0.753,0.689,0.643,19.8,11.0,6.6,41.2
rf_bal_acc_all1718 series_21 part1,0.71,0.938,0.824,0.786,0.71,22,9,3,45
rf_bal_acc_all1718 series_21 part2,0.774,0.833,0.804,0.762,0.774,24,7,8,40
rf_bal_acc_all1718 series_21 part3,0.645,0.896,0.77,0.714,0.645,20,11,5,43
rf_bal_acc_all1718 series_21 part4,0.613,0.894,0.753,0.691,0.613,19,12,5,42
rf_bal_acc_all1718 series_21 part5,0.667,0.917,0.792,0.741,0.667,20,10,4,44
rf_bal_acc_all1718 series_21 MEAN,0.682,0.895,0.789,0.739,0.682,21.0,9.8,5.0,42.8
rf_bal_acc_all1718 series_22 part1,0.613,0.854,0.734,0.667,0.613,19,12,7,41
rf_bal_acc_all1718 series_22 part2,0.645,0.917,0.781,0.727,0.645,20,11,4,44
rf_bal_acc_all1718 series_22 part3,0.645,0.854,0.75,0.69,0.645,20,11,7,41
rf_bal_acc_all1718 series_22 part4,0.677,0.83,0.754,0.7,0.677,21,10,8,39
rf_bal_acc_all1718 series_22 part5,0.7,0.917,0.808,0.764,0.7,21,9,4,44
rf_bal_acc_all1718 series_22 MEAN,0.656,0.874,0.765,0.709,0.656,20.2,10.6,6.0,41.8
rf_bal_acc_all1819 series_01 part1,0.545,0.873,0.709,0.621,0.545,18,15,7,48
rf_bal_acc_all1819 series_01 part2,0.455,0.836,0.645,0.526,0.455,15,18,9,46
rf_bal_acc_all1819 series_01 part3,0.455,0.815,0.635,0.517,0.455,15,18,10,44
rf_bal_acc_all1819 series_01 part4,0.576,0.833,0.705,0.623,0.576,19,14,9,45
rf_bal_acc_all1819 series_01 part5,0.688,0.836,0.762,0.698,0.688,22,10,9,46
rf_bal_acc_all1819 series_01 MEAN,0.544,0.839,0.691,0.597,0.544,17.8,15.0,8.8,45.8
rf_bal_acc_all1819 series_02 part1,0.667,0.909,0.788,0.733,0.667,22,11,5,50
rf_bal_acc_all1819 series_02 part2,0.758,0.782,0.77,0.714,0.758,25,8,12,43
rf_bal_acc_all1819 series_02 part3,0.485,0.852,0.668,0.561,0.485,16,17,8,46
rf_bal_acc_all1819 series_02 part4,0.697,0.833,0.765,0.708,0.697,23,10,9,45
rf_bal_acc_all1819 series_02 part5,0.625,0.855,0.74,0.667,0.625,20,12,8,47
rf_bal_acc_all1819 series_02 MEAN,0.646,0.846,0.746,0.677,0.646,21.2,11.6,8.4,46.2
rf_bal_acc_all1819 series_03 part1,0.545,0.909,0.727,0.643,0.545,18,15,5,50
rf_bal_acc_all1819 series_03 part2,0.697,0.836,0.767,0.708,0.697,23,10,9,46
rf_bal_acc_all1819 series_03 part3,0.469,0.782,0.625,0.508,0.469,15,17,12,43
rf_bal_acc_all1819 series_03 part4,0.667,0.833,0.75,0.688,0.667,22,11,9,45
rf_bal_acc_all1819 series_03 part5,0.697,0.685,0.691,0.63,0.697,23,10,17,37
rf_bal_acc_all1819 series_03 MEAN,0.615,0.809,0.712,0.635,0.615,20.2,12.6,10.4,44.2
rf_bal_acc_all1819 series_04 part1,0.424,0.873,0.648,0.519,0.424,14,19,7,48
rf_bal_acc_all1819 series_04 part2,0.727,0.836,0.782,0.727,0.727,24,9,9,46
rf_bal_acc_all1819 series_04 part3,0.394,0.87,0.632,0.491,0.394,13,20,7,47
rf_bal_acc_all1819 series_04 part4,0.636,0.815,0.726,0.656,0.636,21,12,10,44
rf_bal_acc_all1819 series_04 part5,0.688,0.782,0.735,0.667,0.688,22,10,12,43
rf_bal_acc_all1819 series_04 MEAN,0.574,0.835,0.705,0.612,0.574,18.8,14.0,9.0,45.6
rf_bal_acc_all1819 series_05 part1,0.606,0.855,0.73,0.656,0.606,20,13,8,47
rf_bal_acc_all1819 series_05 part2,0.545,0.855,0.7,0.61,0.545,18,15,8,47
rf_bal_acc_all1819 series_05 part3,0.469,0.855,0.662,0.545,0.469,15,17,8,47
rf_bal_acc_all1819 series_05 part4,0.848,0.852,0.85,0.812,0.848,28,5,8,46
rf_bal_acc_all1819 series_05 part5,0.697,0.796,0.747,0.687,0.697,23,10,11,43
rf_bal_acc_all1819 series_05 MEAN,0.633,0.842,0.738,0.662,0.633,20.8,12.0,8.6,46.0
rf_bal_acc_all1819 series_06 part1,0.576,0.818,0.697,0.613,0.576,19,14,10,45
rf_bal_acc_all1819 series_06 part2,0.667,0.891,0.779,0.721,0.667,22,11,6,49
rf_bal_acc_all1819 series_06 part3,0.469,0.782,0.625,0.508,0.469,15,17,12,43
rf_bal_acc_all1819 series_06 part4,0.576,0.907,0.742,0.667,0.576,19,14,5,49
rf_bal_acc_all1819 series_06 part5,0.515,0.889,0.702,0.607,0.515,17,16,6,48
rf_bal_acc_all1819 series_06 MEAN,0.56,0.857,0.709,0.623,0.56,18.4,14.4,7.8,46.8
rf_bal_acc_all1819 series_07 part1,0.636,0.891,0.764,0.7,0.636,21,12,6,49
rf_bal_acc_all1819 series_07 part2,0.667,0.782,0.724,0.657,0.667,22,11,12,43
rf_bal_acc_all1819 series_07 part3,0.625,0.836,0.731,0.656,0.625,20,12,9,46
rf_bal_acc_all1819 series_07 part4,0.576,0.778,0.677,0.594,0.576,19,14,12,42
rf_bal_acc_all1819 series_07 part5,0.727,0.907,0.817,0.774,0.727,24,9,5,49
rf_bal_acc_all1819 series_07 MEAN,0.646,0.839,0.743,0.676,0.646,21.2,11.6,8.8,45.8
rf_bal_acc_all1819 series_08 part1,0.606,0.927,0.767,0.702,0.606,20,13,4,51
rf_bal_acc_all1819 series_08 part2,0.667,0.818,0.742,0.677,0.667,22,11,10,45
rf_bal_acc_all1819 series_08 part3,0.438,0.891,0.664,0.538,0.438,14,18,6,49
rf_bal_acc_all1819 series_08 part4,0.576,0.833,0.705,0.623,0.576,19,14,9,45
rf_bal_acc_all1819 series_08 part5,0.697,0.833,0.765,0.708,0.697,23,10,9,45
rf_bal_acc_all1819 series_08 MEAN,0.597,0.861,0.729,0.65,0.597,19.6,13.2,7.6,47.0
rf_bal_acc_all1819 series_09 part1,0.545,0.836,0.691,0.6,0.545,18,15,9,46
rf_bal_acc_all1819 series_09 part2,0.727,0.836,0.782,0.727,0.727,24,9,9,46
rf_bal_acc_all1819 series_09 part3,0.688,0.927,0.807,0.759,0.688,22,10,4,51
rf_bal_acc_all1819 series_09 part4,0.636,0.833,0.735,0.667,0.636,21,12,9,45
rf_bal_acc_all1819 series_09 part5,0.667,0.833,0.75,0.688,0.667,22,11,9,45
rf_bal_acc_all1819 series_09 MEAN,0.653,0.853,0.753,0.688,0.653,21.4,11.4,8.0,46.6
rf_bal_acc_all1819 series_10 part1,0.606,0.782,0.694,0.615,0.606,20,13,12,43
rf_bal_acc_all1819 series_10 part2,0.606,0.927,0.767,0.702,0.606,20,13,4,51
rf_bal_acc_all1819 series_10 part3,0.727,0.889,0.808,0.762,0.727,24,9,6,48
rf_bal_acc_all1819 series_10 part4,0.576,0.778,0.677,0.594,0.576,19,14,12,42
rf_bal_acc_all1819 series_10 part5,0.656,0.818,0.737,0.667,0.656,21,11,10,45
rf_bal_acc_all1819 series_10 MEAN,0.634,0.839,0.737,0.668,0.634,20.8,12.0,8.8,45.8
rf_bal_acc_all1819 series_11 part1,0.788,0.873,0.83,0.788,0.788,26,7,7,48
rf_bal_acc_all1819 series_11 part2,0.485,0.927,0.706,0.604,0.485,16,17,4,51
rf_bal_acc_all1819 series_11 part3,0.594,0.818,0.706,0.623,0.594,19,13,10,45
rf_bal_acc_all1819 series_11 part4,0.697,0.833,0.765,0.708,0.697,23,10,9,45
rf_bal_acc_all1819 series_11 part5,0.576,0.87,0.723,0.644,0.576,19,14,7,47
rf_bal_acc_all1819 series_11 MEAN,0.628,0.864,0.746,0.673,0.628,20.6,12.2,7.4,47.2
rf_bal_acc_all1819 series_12 part1,0.636,0.855,0.745,0.677,0.636,21,12,8,47
rf_bal_acc_all1819 series_12 part2,0.727,0.891,0.809,0.762,0.727,24,9,6,49
rf_bal_acc_all1819 series_12 part3,0.469,0.909,0.689,0.577,0.469,15,17,5,50
rf_bal_acc_all1819 series_12 part4,0.545,0.852,0.699,0.61,0.545,18,15,8,46
rf_bal_acc_all1819 series_12 part5,0.697,0.889,0.793,0.742,0.697,23,10,6,48
rf_bal_acc_all1819 series_12 MEAN,0.615,0.879,0.747,0.674,0.615,20.2,12.6,6.6,48.0
rf_bal_acc_all1819 series_13 part1,0.545,0.855,0.7,0.61,0.545,18,15,8,47
rf_bal_acc_all1819 series_13 part2,0.697,0.855,0.776,0.719,0.697,23,10,8,47
rf_bal_acc_all1819 series_13 part3,0.688,0.909,0.798,0.746,0.688,22,10,5,50
rf_bal_acc_all1819 series_13 part4,0.727,0.815,0.771,0.716,0.727,24,9,10,44
rf_bal_acc_all1819 series_13 part5,0.636,0.944,0.79,0.737,0.636,21,12,3,51
rf_bal_acc_all1819 series_13 MEAN,0.659,0.875,0.767,0.706,0.659,21.6,11.2,6.8,47.8
rf_bal_acc_all1819 series_14 part1,0.636,0.964,0.8,0.75,0.636,21,12,2,53
rf_bal_acc_all1819 series_14 part2,0.576,0.891,0.733,0.655,0.576,19,14,6,49
rf_bal_acc_all1819 series_14 part3,0.75,0.818,0.784,0.727,0.75,24,8,10,45
rf_bal_acc_all1819 series_14 part4,0.606,0.759,0.683,0.606,0.606,20,13,13,41
rf_bal_acc_all1819 series_14 part5,0.758,0.926,0.842,0.806,0.758,25,8,4,50
rf_bal_acc_all1819 series_14 MEAN,0.665,0.872,0.768,0.709,0.665,21.8,11.0,7.0,47.6
rf_bal_acc_all1819 series_15 part1,0.636,0.818,0.727,0.656,0.636,21,12,10,45
rf_bal_acc_all1819 series_15 part2,0.697,0.927,0.812,0.767,0.697,23,10,4,51
rf_bal_acc_all1819 series_15 part3,0.594,0.873,0.733,0.655,0.594,19,13,7,48
rf_bal_acc_all1819 series_15 part4,0.636,0.852,0.744,0.677,0.636,21,12,8,46
rf_bal_acc_all1819 series_15 part5,0.667,0.87,0.769,0.71,0.667,22,11,7,47
rf_bal_acc_all1819 series_15 MEAN,0.646,0.868,0.757,0.693,0.646,21.2,11.6,7.2,47.4
rf_bal_acc_all1819 series_16 part1,0.485,0.873,0.679,0.571,0.485,16,17,7,48
rf_bal_acc_all1819 series_16 part2,0.788,0.836,0.812,0.765,0.788,26,7,9,46
rf_bal_acc_all1819 series_16 part3,0.562,0.8,0.681,0.59,0.562,18,14,11,44
rf_bal_acc_all1819 series_16 part4,0.667,0.926,0.796,0.746,0.667,22,11,4,50
rf_bal_acc_all1819 series_16 part5,0.606,0.907,0.757,0.69,0.606,20,13,5,49
rf_bal_acc_all1819 series_16 MEAN,0.622,0.868,0.745,0.672,0.622,20.4,12.4,7.2,47.4
rf_bal_acc_all1819 series_17 part1,0.636,0.836,0.736,0.667,0.636,21,12,9,46
rf_bal_acc_all1819 series_17 part2,0.394,0.873,0.633,0.491,0.394,13,20,7,48
rf_bal_acc_all1819 series_17 part3,0.5,0.836,0.668,0.561,0.5,16,16,9,46
rf_bal_acc_all1819 series_17 part4,0.727,0.944,0.836,0.8,0.727,24,9,3,51
rf_bal_acc_all1819 series_17 part5,0.727,0.852,0.79,0.738,0.727,24,9,8,46
rf_bal_acc_all1819 series_17 MEAN,0.597,0.868,0.733,0.651,0.597,19.6,13.2,7.2,47.4
rf_bal_acc_all1819 series_18 part1,0.364,0.927,0.645,0.49,0.364,12,21,4,51
rf_bal_acc_all1819 series_18 part2,0.727,0.927,0.827,0.787,0.727,24,9,4,51
rf_bal_acc_all1819 series_18 part3,0.75,0.909,0.83,0.787,0.75,24,8,5,50
rf_bal_acc_all1819 series_18 part4,0.667,0.87,0.769,0.71,0.667,22,11,7,47
rf_bal_acc_all1819 series_18 part5,0.636,0.759,0.698,0.627,0.636,21,12,13,41
rf_bal_acc_all1819 series_18 MEAN,0.629,0.879,0.754,0.68,0.629,20.6,12.2,6.6,48.0
rf_bal_acc_all1819 series_19 part1,0.576,0.855,0.715,0.633,0.576,19,14,8,47
rf_bal_acc_all1819 series_19 part2,0.636,0.909,0.773,0.712,0.636,21,12,5,50
rf_bal_acc_all1819 series_19 part3,0.625,0.836,0.731,0.656,0.625,20,12,9,46
rf_bal_acc_all1819 series_19 part4,0.636,0.944,0.79,0.737,0.636,21,12,3,51
rf_bal_acc_all1819 series_19 part5,0.697,0.889,0.793,0.742,0.697,23,10,6,48
rf_bal_acc_all1819 series_19 MEAN,0.634,0.887,0.76,0.696,0.634,20.8,12.0,6.2,48.4
rf_bal_acc_all1819 series_20 part1,0.606,0.873,0.739,0.667,0.606,20,13,7,48
rf_bal_acc_all1819 series_20 part2,0.606,0.836,0.721,0.645,0.606,20,13,9,46
rf_bal_acc_all1819 series_20 part3,0.688,0.909,0.798,0.746,0.688,22,10,5,50
rf_bal_acc_all1819 series_20 part4,0.636,0.852,0.744,0.677,0.636,21,12,8,46
rf_bal_acc_all1819 series_20 part5,0.606,0.944,0.775,0.714,0.606,20,13,3,51
rf_bal_acc_all1819 series_20 MEAN,0.628,0.883,0.756,0.69,0.628,20.6,12.2,6.4,48.2
rf_bal_acc_all1819 series_21 part1,0.424,0.873,0.648,0.519,0.424,14,19,7,48
rf_bal_acc_all1819 series_21 part2,0.515,0.836,0.676,0.576,0.515,17,16,9,46
rf_bal_acc_all1819 series_21 part3,0.562,0.891,0.727,0.643,0.562,18,14,6,49
rf_bal_acc_all1819 series_21 part4,0.576,0.852,0.714,0.633,0.576,19,14,8,46
rf_bal_acc_all1819 series_21 part5,0.758,0.87,0.814,0.769,0.758,25,8,7,47
rf_bal_acc_all1819 series_21 MEAN,0.567,0.864,0.716,0.628,0.567,18.6,14.2,7.4,47.2
rf_bal_acc_all1819 series_22 part1,0.727,0.891,0.809,0.762,0.727,24,9,6,49
rf_bal_acc_all1819 series_22 part2,0.667,0.909,0.788,0.733,0.667,22,11,5,50
rf_bal_acc_all1819 series_22 part3,0.424,0.963,0.694,0.571,0.424,14,19,2,52
rf_bal_acc_all1819 series_22 part4,0.697,0.926,0.811,0.767,0.697,23,10,4,50
rf_bal_acc_all1819 series_22 part5,0.781,0.891,0.836,0.794,0.781,25,7,6,49
rf_bal_acc_all1819 series_22 MEAN,0.659,0.916,0.788,0.725,0.659,21.6,11.2,4.6,50.0
