prediction,acc_failed,acc_passed,bal_acc,f1,recall,tn,fp,fn,tp
lg_bal_acc_train1617_1718_test1819 series_00,0.744,0.755,0.749,0.691,0.744,122,42,67,206
lg_bal_acc_train1617_1718_test1819 series_01,0.768,0.725,0.747,0.69,0.768,126,38,75,198
lg_bal_acc_train1617_1718_test1819 series_02,0.732,0.7,0.716,0.656,0.732,120,44,82,191
lg_bal_acc_train1617_1718_test1819 series_03,0.738,0.692,0.715,0.656,0.738,121,43,84,189
lg_bal_acc_train1617_1718_test1819 series_04,0.768,0.722,0.745,0.689,0.768,126,38,76,197
lg_bal_acc_train1617_1718_test1819 series_05,0.671,0.773,0.722,0.655,0.671,110,54,62,211
lg_bal_acc_train1617_1718_test1819 series_06,0.659,0.799,0.729,0.661,0.659,108,56,55,218
lg_bal_acc_train1617_1718_test1819 series_07,0.689,0.795,0.742,0.679,0.689,113,51,56,217
lg_bal_acc_train1617_1718_test1819 series_08,0.732,0.78,0.756,0.698,0.732,120,44,60,213
lg_bal_acc_train1617_1718_test1819 series_09,0.738,0.755,0.746,0.688,0.738,121,43,67,206
lg_bal_acc_train1617_1718_test1819 series_10,0.756,0.729,0.743,0.685,0.756,124,40,74,199
lg_bal_acc_train1617_1718_test1819 series_11,0.768,0.773,0.771,0.716,0.768,126,38,62,211
lg_bal_acc_train1617_1718_test1819 series_12,0.805,0.784,0.794,0.744,0.805,132,32,59,214
lg_bal_acc_train1617_1718_test1819 series_13,0.738,0.828,0.783,0.729,0.738,121,43,47,226
lg_bal_acc_train1617_1718_test1819 series_14,0.793,0.766,0.779,0.726,0.793,130,34,64,209
lg_bal_acc_train1617_1718_test1819 series_15,0.805,0.777,0.791,0.739,0.805,132,32,61,212
lg_bal_acc_train1617_1718_test1819 series_16,0.829,0.784,0.807,0.758,0.829,136,28,59,214
lg_bal_acc_train1617_1718_test1819 series_17,0.78,0.81,0.795,0.744,0.78,128,36,52,221
lg_bal_acc_train1617_1718_test1819 series_18,0.835,0.777,0.806,0.757,0.835,137,27,61,212
lg_bal_acc_train1617_1718_test1819 series_19,0.78,0.846,0.813,0.766,0.78,128,36,42,231
lg_bal_acc_train1617_1718_test1819 series_20,0.817,0.74,0.778,0.726,0.817,134,30,71,202
lg_bal_acc_train1617_1718_test1819 series_21,0.817,0.788,0.802,0.753,0.817,134,30,58,215
lg_bal_acc_train1617_1819_test1718 series_00,0.682,0.782,0.732,0.675,0.682,105,49,52,187
lg_bal_acc_train1617_1819_test1718 series_01,0.643,0.808,0.725,0.662,0.643,99,55,46,193
lg_bal_acc_train1617_1819_test1718 series_02,0.727,0.774,0.751,0.7,0.727,112,42,54,185
lg_bal_acc_train1617_1819_test1718 series_03,0.701,0.774,0.738,0.684,0.701,108,46,54,185
lg_bal_acc_train1617_1819_test1718 series_04,0.766,0.757,0.762,0.715,0.766,118,36,58,181
lg_bal_acc_train1617_1819_test1718 series_05,0.786,0.778,0.782,0.738,0.786,121,33,53,186
lg_bal_acc_train1617_1819_test1718 series_06,0.786,0.791,0.788,0.745,0.786,121,33,50,189
lg_bal_acc_train1617_1819_test1718 series_07,0.753,0.828,0.791,0.746,0.753,116,38,41,198
lg_bal_acc_train1617_1819_test1718 series_08,0.818,0.757,0.788,0.746,0.818,126,28,58,181
lg_bal_acc_train1617_1819_test1718 series_09,0.792,0.782,0.787,0.744,0.792,122,32,52,187
lg_bal_acc_train1617_1819_test1718 series_10,0.812,0.782,0.797,0.755,0.812,125,29,52,187
lg_bal_acc_train1617_1819_test1718 series_11,0.792,0.808,0.8,0.758,0.792,122,32,46,193
lg_bal_acc_train1617_1819_test1718 series_12,0.786,0.799,0.792,0.749,0.786,121,33,48,191
lg_bal_acc_train1617_1819_test1718 series_13,0.831,0.803,0.817,0.778,0.831,128,26,47,192
lg_bal_acc_train1617_1819_test1718 series_14,0.786,0.824,0.805,0.763,0.786,121,33,42,197
lg_bal_acc_train1617_1819_test1718 series_15,0.844,0.762,0.803,0.762,0.844,130,24,57,182
lg_bal_acc_train1617_1819_test1718 series_16,0.818,0.774,0.796,0.754,0.818,126,28,54,185
lg_bal_acc_train1617_1819_test1718 series_17,0.818,0.778,0.798,0.757,0.818,126,28,53,186
lg_bal_acc_train1617_1819_test1718 series_18,0.851,0.782,0.817,0.777,0.851,131,23,52,187
lg_bal_acc_train1617_1819_test1718 series_19,0.857,0.791,0.824,0.786,0.857,132,22,50,189
lg_bal_acc_train1617_1819_test1718 series_20,0.896,0.762,0.829,0.791,0.896,138,16,57,182
lg_bal_acc_train1617_1819_test1718 series_21,0.877,0.757,0.817,0.778,0.877,135,19,58,181
lg_bal_acc_train1718_1819_test1617 series_00,0.553,0.81,0.682,0.614,0.553,89,72,40,171
lg_bal_acc_train1718_1819_test1617 series_01,0.59,0.787,0.688,0.631,0.59,95,66,45,166
lg_bal_acc_train1718_1819_test1617 series_02,0.621,0.791,0.706,0.656,0.621,100,61,44,167
lg_bal_acc_train1718_1819_test1617 series_03,0.671,0.72,0.696,0.659,0.671,108,53,59,152
lg_bal_acc_train1718_1819_test1617 series_04,0.658,0.758,0.708,0.667,0.658,106,55,51,160
lg_bal_acc_train1718_1819_test1617 series_05,0.64,0.749,0.694,0.65,0.64,103,58,53,158
lg_bal_acc_train1718_1819_test1617 series_06,0.646,0.777,0.712,0.667,0.646,104,57,47,164
lg_bal_acc_train1718_1819_test1617 series_07,0.652,0.777,0.715,0.671,0.652,105,56,47,164
lg_bal_acc_train1718_1819_test1617 series_08,0.64,0.834,0.737,0.689,0.64,103,58,35,176
lg_bal_acc_train1718_1819_test1617 series_09,0.708,0.82,0.764,0.728,0.708,114,47,38,173
lg_bal_acc_train1718_1819_test1617 series_10,0.727,0.825,0.776,0.743,0.727,117,44,37,174
lg_bal_acc_train1718_1819_test1617 series_11,0.789,0.782,0.785,0.76,0.789,127,34,46,165
lg_bal_acc_train1718_1819_test1617 series_12,0.677,0.82,0.748,0.708,0.677,109,52,38,173
lg_bal_acc_train1718_1819_test1617 series_13,0.683,0.806,0.744,0.705,0.683,110,51,41,170
lg_bal_acc_train1718_1819_test1617 series_14,0.739,0.773,0.756,0.726,0.739,119,42,48,163
lg_bal_acc_train1718_1819_test1617 series_15,0.733,0.82,0.776,0.744,0.733,118,43,38,173
lg_bal_acc_train1718_1819_test1617 series_16,0.752,0.796,0.774,0.745,0.752,121,40,43,168
lg_bal_acc_train1718_1819_test1617 series_17,0.758,0.768,0.763,0.735,0.758,122,39,49,162
lg_bal_acc_train1718_1819_test1617 series_18,0.727,0.782,0.754,0.722,0.727,117,44,46,165
lg_bal_acc_train1718_1819_test1617 series_19,0.696,0.815,0.755,0.718,0.696,112,49,39,172
lg_bal_acc_train1718_1819_test1617 series_20,0.764,0.796,0.78,0.752,0.764,123,38,43,168
lg_bal_acc_train1718_1819_test1617 series_21,0.764,0.763,0.764,0.737,0.764,123,38,50,161
lg_bal_acc_train1617_test1718 series_00,0.76,0.657,0.708,0.663,0.76,117,37,82,157
lg_bal_acc_train1617_test1718 series_01,0.766,0.653,0.709,0.665,0.766,118,36,83,156
lg_bal_acc_train1617_test1718 series_02,0.727,0.699,0.713,0.663,0.727,112,42,72,167
lg_bal_acc_train1617_test1718 series_03,0.688,0.724,0.706,0.65,0.688,106,48,66,173
lg_bal_acc_train1617_test1718 series_04,0.779,0.69,0.735,0.69,0.779,120,34,74,165
lg_bal_acc_train1617_test1718 series_05,0.76,0.728,0.744,0.696,0.76,117,37,65,174
lg_bal_acc_train1617_test1718 series_06,0.766,0.728,0.747,0.7,0.766,118,36,65,174
lg_bal_acc_train1617_test1718 series_07,0.76,0.753,0.756,0.709,0.76,117,37,59,180
lg_bal_acc_train1617_test1718 series_08,0.799,0.736,0.768,0.724,0.799,123,31,63,176
lg_bal_acc_train1617_test1718 series_09,0.792,0.72,0.756,0.711,0.792,122,32,67,172
lg_bal_acc_train1617_test1718 series_10,0.818,0.715,0.767,0.724,0.818,126,28,68,171
lg_bal_acc_train1617_test1718 series_11,0.799,0.745,0.772,0.728,0.799,123,31,61,178
lg_bal_acc_train1617_test1718 series_12,0.799,0.745,0.772,0.728,0.799,123,31,61,178
lg_bal_acc_train1617_test1718 series_13,0.708,0.753,0.73,0.677,0.708,109,45,59,180
lg_bal_acc_train1617_test1718 series_14,0.727,0.799,0.763,0.713,0.727,112,42,48,191
lg_bal_acc_train1617_test1718 series_15,0.831,0.724,0.778,0.736,0.831,128,26,66,173
lg_bal_acc_train1617_test1718 series_16,0.734,0.791,0.762,0.713,0.734,113,41,50,189
lg_bal_acc_train1617_test1718 series_17,0.714,0.774,0.744,0.692,0.714,110,44,54,185
lg_bal_acc_train1617_test1718 series_18,0.727,0.766,0.746,0.696,0.727,112,42,56,183
lg_bal_acc_train1617_test1718 series_19,0.851,0.762,0.806,0.766,0.851,131,23,57,182
lg_bal_acc_train1617_test1718 series_20,0.851,0.766,0.808,0.768,0.851,131,23,56,183
lg_bal_acc_train1617_test1718 series_21,0.838,0.762,0.8,0.759,0.838,129,25,57,182
lg_bal_acc_train1617_test1819 series_00,0.756,0.725,0.741,0.683,0.756,124,40,75,198
lg_bal_acc_train1617_test1819 series_01,0.756,0.733,0.744,0.687,0.756,124,40,73,200
lg_bal_acc_train1617_test1819 series_02,0.738,0.703,0.721,0.661,0.738,121,43,81,192
lg_bal_acc_train1617_test1819 series_03,0.598,0.769,0.683,0.603,0.598,98,66,63,210
lg_bal_acc_train1617_test1819 series_04,0.72,0.714,0.717,0.656,0.72,118,46,78,195
lg_bal_acc_train1617_test1819 series_05,0.701,0.722,0.711,0.648,0.701,115,49,76,197
lg_bal_acc_train1617_test1819 series_06,0.707,0.714,0.711,0.648,0.707,116,48,78,195
lg_bal_acc_train1617_test1819 series_07,0.726,0.747,0.736,0.676,0.726,119,45,69,204
lg_bal_acc_train1617_test1819 series_08,0.762,0.7,0.731,0.674,0.762,125,39,82,191
lg_bal_acc_train1617_test1819 series_09,0.75,0.722,0.736,0.678,0.75,123,41,76,197
lg_bal_acc_train1617_test1819 series_10,0.774,0.773,0.774,0.72,0.774,127,37,62,211
lg_bal_acc_train1617_test1819 series_11,0.762,0.769,0.766,0.71,0.762,125,39,63,210
lg_bal_acc_train1617_test1819 series_12,0.811,0.766,0.788,0.737,0.811,133,31,64,209
lg_bal_acc_train1617_test1819 series_13,0.738,0.744,0.741,0.682,0.738,121,43,70,203
lg_bal_acc_train1617_test1819 series_14,0.72,0.806,0.763,0.704,0.72,118,46,53,220
lg_bal_acc_train1617_test1819 series_15,0.829,0.736,0.783,0.731,0.829,136,28,72,201
lg_bal_acc_train1617_test1819 series_16,0.744,0.817,0.78,0.726,0.744,122,42,50,223
lg_bal_acc_train1617_test1819 series_17,0.762,0.736,0.749,0.693,0.762,125,39,72,201
lg_bal_acc_train1617_test1819 series_18,0.756,0.769,0.763,0.707,0.756,124,40,63,210
lg_bal_acc_train1617_test1819 series_19,0.774,0.755,0.764,0.709,0.774,127,37,67,206
lg_bal_acc_train1617_test1819 series_20,0.787,0.729,0.758,0.703,0.787,129,35,74,199
lg_bal_acc_train1617_test1819 series_21,0.768,0.751,0.76,0.704,0.768,126,38,68,205
lg_bal_acc_train1718_test1617 series_00,0.64,0.749,0.694,0.65,0.64,103,58,53,158
lg_bal_acc_train1718_test1617 series_01,0.634,0.763,0.698,0.652,0.634,102,59,50,161
lg_bal_acc_train1718_test1617 series_02,0.565,0.801,0.683,0.619,0.565,91,70,42,169
lg_bal_acc_train1718_test1617 series_03,0.596,0.777,0.687,0.632,0.596,96,65,47,164
lg_bal_acc_train1718_test1617 series_04,0.708,0.739,0.724,0.691,0.708,114,47,55,156
lg_bal_acc_train1718_test1617 series_05,0.665,0.749,0.707,0.667,0.665,107,54,53,158
lg_bal_acc_train1718_test1617 series_06,0.658,0.754,0.706,0.665,0.658,106,55,52,159
lg_bal_acc_train1718_test1617 series_07,0.72,0.801,0.761,0.727,0.72,116,45,42,169
lg_bal_acc_train1718_test1617 series_08,0.652,0.834,0.743,0.698,0.652,105,56,35,176
lg_bal_acc_train1718_test1617 series_09,0.609,0.834,0.721,0.667,0.609,98,63,35,176
lg_bal_acc_train1718_test1617 series_10,0.652,0.815,0.734,0.689,0.652,105,56,39,172
lg_bal_acc_train1718_test1617 series_11,0.671,0.801,0.736,0.695,0.671,108,53,42,169
lg_bal_acc_train1718_test1617 series_12,0.64,0.806,0.723,0.675,0.64,103,58,41,170
lg_bal_acc_train1718_test1617 series_13,0.627,0.82,0.724,0.673,0.627,101,60,38,173
lg_bal_acc_train1718_test1617 series_14,0.696,0.791,0.744,0.707,0.696,112,49,44,167
lg_bal_acc_train1718_test1617 series_15,0.602,0.848,0.725,0.669,0.602,97,64,32,179
lg_bal_acc_train1718_test1617 series_16,0.627,0.768,0.698,0.65,0.627,101,60,49,162
lg_bal_acc_train1718_test1617 series_17,0.745,0.777,0.761,0.732,0.745,120,41,47,164
lg_bal_acc_train1718_test1617 series_18,0.665,0.791,0.728,0.686,0.665,107,54,44,167
lg_bal_acc_train1718_test1617 series_19,0.64,0.839,0.739,0.691,0.64,103,58,34,177
lg_bal_acc_train1718_test1617 series_20,0.689,0.829,0.759,0.721,0.689,111,50,36,175
lg_bal_acc_train1718_test1617 series_21,0.683,0.834,0.759,0.719,0.683,110,51,35,176
lg_bal_acc_train1718_test1819 series_00,0.646,0.788,0.717,0.646,0.646,106,58,58,215
lg_bal_acc_train1718_test1819 series_01,0.774,0.703,0.739,0.683,0.774,127,37,81,192
lg_bal_acc_train1718_test1819 series_02,0.707,0.791,0.749,0.688,0.707,116,48,57,216
lg_bal_acc_train1718_test1819 series_03,0.707,0.689,0.698,0.636,0.707,116,48,85,188
lg_bal_acc_train1718_test1819 series_04,0.799,0.714,0.757,0.702,0.799,131,33,78,195
lg_bal_acc_train1718_test1819 series_05,0.695,0.769,0.732,0.669,0.695,114,50,63,210
lg_bal_acc_train1718_test1819 series_06,0.683,0.762,0.722,0.657,0.683,112,52,65,208
lg_bal_acc_train1718_test1819 series_07,0.695,0.795,0.745,0.683,0.695,114,50,56,217
lg_bal_acc_train1718_test1819 series_08,0.665,0.791,0.728,0.661,0.665,109,55,57,216
lg_bal_acc_train1718_test1819 series_09,0.689,0.725,0.707,0.642,0.689,113,51,75,198
lg_bal_acc_train1718_test1819 series_10,0.634,0.861,0.747,0.68,0.634,104,60,38,235
lg_bal_acc_train1718_test1819 series_11,0.665,0.857,0.761,0.699,0.665,109,55,39,234
lg_bal_acc_train1718_test1819 series_12,0.732,0.813,0.772,0.716,0.732,120,44,51,222
lg_bal_acc_train1718_test1819 series_13,0.665,0.802,0.733,0.667,0.665,109,55,54,219
lg_bal_acc_train1718_test1819 series_14,0.707,0.828,0.768,0.709,0.707,116,48,47,226
lg_bal_acc_train1718_test1819 series_15,0.689,0.813,0.751,0.689,0.689,113,51,51,222
lg_bal_acc_train1718_test1819 series_16,0.726,0.828,0.777,0.721,0.726,119,45,47,226
lg_bal_acc_train1718_test1819 series_17,0.823,0.755,0.789,0.738,0.823,135,29,67,206
lg_bal_acc_train1718_test1819 series_18,0.811,0.736,0.774,0.721,0.811,133,31,72,201
lg_bal_acc_train1718_test1819 series_19,0.713,0.842,0.778,0.722,0.713,117,47,43,230
lg_bal_acc_train1718_test1819 series_20,0.805,0.766,0.785,0.733,0.805,132,32,64,209
lg_bal_acc_train1718_test1819 series_21,0.768,0.788,0.778,0.724,0.768,126,38,58,215
lg_bal_acc_train1819_test1617 series_00,0.547,0.806,0.676,0.607,0.547,88,73,41,170
lg_bal_acc_train1819_test1617 series_01,0.609,0.749,0.679,0.628,0.609,98,63,53,158
lg_bal_acc_train1819_test1617 series_02,0.609,0.763,0.686,0.634,0.609,98,63,50,161
lg_bal_acc_train1819_test1617 series_03,0.621,0.725,0.673,0.627,0.621,100,61,58,153
lg_bal_acc_train1819_test1617 series_04,0.665,0.763,0.714,0.673,0.665,107,54,50,161
lg_bal_acc_train1819_test1617 series_05,0.671,0.735,0.703,0.665,0.671,108,53,56,155
lg_bal_acc_train1819_test1617 series_06,0.621,0.782,0.702,0.651,0.621,100,61,46,165
lg_bal_acc_train1819_test1617 series_07,0.596,0.787,0.692,0.636,0.596,96,65,45,166
lg_bal_acc_train1819_test1617 series_08,0.646,0.806,0.726,0.68,0.646,104,57,41,170
lg_bal_acc_train1819_test1617 series_09,0.677,0.801,0.739,0.699,0.677,109,52,42,169
lg_bal_acc_train1819_test1617 series_10,0.708,0.825,0.766,0.731,0.708,114,47,37,174
lg_bal_acc_train1819_test1617 series_11,0.758,0.777,0.768,0.739,0.758,122,39,47,164
lg_bal_acc_train1819_test1617 series_12,0.789,0.777,0.783,0.758,0.789,127,34,47,164
lg_bal_acc_train1819_test1617 series_13,0.714,0.787,0.751,0.717,0.714,115,46,45,166
lg_bal_acc_train1819_test1617 series_14,0.752,0.768,0.76,0.731,0.752,121,40,49,162
lg_bal_acc_train1819_test1617 series_15,0.509,0.896,0.703,0.619,0.509,82,79,22,189
lg_bal_acc_train1819_test1617 series_16,0.758,0.754,0.756,0.728,0.758,122,39,52,159
lg_bal_acc_train1819_test1617 series_17,0.758,0.754,0.756,0.728,0.758,122,39,52,159
lg_bal_acc_train1819_test1617 series_18,0.714,0.82,0.767,0.732,0.714,115,46,38,173
lg_bal_acc_train1819_test1617 series_19,0.77,0.773,0.771,0.745,0.77,124,37,48,163
lg_bal_acc_train1819_test1617 series_20,0.708,0.791,0.75,0.715,0.708,114,47,44,167
lg_bal_acc_train1819_test1617 series_21,0.776,0.735,0.755,0.731,0.776,125,36,56,155
lg_bal_acc_train1819_test1718 series_00,0.617,0.782,0.7,0.631,0.617,95,59,52,187
lg_bal_acc_train1819_test1718 series_01,0.63,0.795,0.712,0.647,0.63,97,57,49,190
lg_bal_acc_train1819_test1718 series_02,0.701,0.749,0.725,0.671,0.701,108,46,60,179
lg_bal_acc_train1819_test1718 series_03,0.727,0.745,0.736,0.685,0.727,112,42,61,178
lg_bal_acc_train1819_test1718 series_04,0.766,0.757,0.762,0.715,0.766,118,36,58,181
lg_bal_acc_train1819_test1718 series_05,0.779,0.762,0.77,0.725,0.779,120,34,57,182
lg_bal_acc_train1819_test1718 series_06,0.688,0.799,0.744,0.688,0.688,106,48,48,191
lg_bal_acc_train1819_test1718 series_07,0.695,0.862,0.778,0.728,0.695,107,47,33,206
lg_bal_acc_train1819_test1718 series_08,0.714,0.833,0.773,0.724,0.714,110,44,40,199
lg_bal_acc_train1819_test1718 series_09,0.701,0.799,0.75,0.697,0.701,108,46,48,191
lg_bal_acc_train1819_test1718 series_10,0.766,0.803,0.785,0.74,0.766,118,36,47,192
lg_bal_acc_train1819_test1718 series_11,0.701,0.828,0.765,0.713,0.701,108,46,41,198
lg_bal_acc_train1819_test1718 series_12,0.825,0.77,0.797,0.756,0.825,127,27,55,184
lg_bal_acc_train1819_test1718 series_13,0.708,0.799,0.753,0.701,0.708,109,45,48,191
lg_bal_acc_train1819_test1718 series_14,0.695,0.833,0.764,0.711,0.695,107,47,40,199
lg_bal_acc_train1819_test1718 series_15,0.844,0.77,0.807,0.767,0.844,130,24,55,184
lg_bal_acc_train1819_test1718 series_16,0.831,0.757,0.794,0.753,0.831,128,26,58,181
lg_bal_acc_train1819_test1718 series_17,0.792,0.778,0.785,0.742,0.792,122,32,53,186
lg_bal_acc_train1819_test1718 series_18,0.851,0.774,0.812,0.773,0.851,131,23,54,185
lg_bal_acc_train1819_test1718 series_19,0.786,0.849,0.818,0.778,0.786,121,33,36,203
lg_bal_acc_train1819_test1718 series_20,0.773,0.841,0.807,0.765,0.773,119,35,38,201
lg_bal_acc_train1819_test1718 series_21,0.838,0.791,0.814,0.775,0.838,129,25,50,189
lg_bal_acc_all1617 series_01 part1,0.485,0.738,0.611,0.533,0.485,16,17,11,31
lg_bal_acc_all1617 series_01 part2,0.562,0.698,0.63,0.571,0.562,18,14,13,30
lg_bal_acc_all1617 series_01 part3,0.688,0.667,0.677,0.647,0.688,22,10,14,28
lg_bal_acc_all1617 series_01 part4,0.719,0.738,0.728,0.697,0.719,23,9,11,31
lg_bal_acc_all1617 series_01 part5,0.719,0.69,0.705,0.676,0.719,23,9,13,29
lg_bal_acc_all1617 series_01 MEAN,0.634,0.706,0.67,0.625,0.634,20.4,11.8,12.4,29.8
lg_bal_acc_all1617 series_02 part1,0.625,0.674,0.65,0.606,0.625,20,12,14,29
lg_bal_acc_all1617 series_02 part2,0.667,0.738,0.702,0.667,0.667,22,11,11,31
lg_bal_acc_all1617 series_02 part3,0.531,0.762,0.647,0.576,0.531,17,15,10,32
lg_bal_acc_all1617 series_02 part4,0.625,0.786,0.705,0.656,0.625,20,12,9,33
lg_bal_acc_all1617 series_02 part5,0.688,0.714,0.701,0.667,0.688,22,10,12,30
lg_bal_acc_all1617 series_02 MEAN,0.627,0.735,0.681,0.634,0.627,20.2,12.0,11.2,31.0
lg_bal_acc_all1617 series_03 part1,0.758,0.69,0.724,0.704,0.758,25,8,13,29
lg_bal_acc_all1617 series_03 part2,0.656,0.651,0.654,0.618,0.656,21,11,15,28
lg_bal_acc_all1617 series_03 part3,0.688,0.738,0.713,0.677,0.688,22,10,11,31
lg_bal_acc_all1617 series_03 part4,0.562,0.738,0.65,0.59,0.562,18,14,11,31
lg_bal_acc_all1617 series_03 part5,0.562,0.762,0.662,0.6,0.562,18,14,10,32
lg_bal_acc_all1617 series_03 MEAN,0.645,0.716,0.681,0.638,0.645,20.8,11.4,12.0,30.2
lg_bal_acc_all1617 series_04 part1,0.688,0.651,0.669,0.638,0.688,22,10,15,28
lg_bal_acc_all1617 series_04 part2,0.636,0.762,0.699,0.656,0.636,21,12,10,32
lg_bal_acc_all1617 series_04 part3,0.625,0.738,0.682,0.635,0.625,20,12,11,31
lg_bal_acc_all1617 series_04 part4,0.531,0.69,0.611,0.548,0.531,17,15,13,29
lg_bal_acc_all1617 series_04 part5,0.75,0.667,0.708,0.686,0.75,24,8,14,28
lg_bal_acc_all1617 series_04 MEAN,0.646,0.702,0.674,0.633,0.646,20.8,11.4,12.6,29.6
lg_bal_acc_all1617 series_05 part1,0.844,0.674,0.759,0.74,0.844,27,5,14,29
lg_bal_acc_all1617 series_05 part2,0.667,0.762,0.714,0.677,0.667,22,11,10,32
lg_bal_acc_all1617 series_05 part3,0.781,0.619,0.7,0.685,0.781,25,7,16,26
lg_bal_acc_all1617 series_05 part4,0.812,0.762,0.787,0.765,0.812,26,6,10,32
lg_bal_acc_all1617 series_05 part5,0.656,0.81,0.733,0.689,0.656,21,11,8,34
lg_bal_acc_all1617 series_05 MEAN,0.752,0.725,0.739,0.711,0.752,24.2,8.0,11.6,30.6
lg_bal_acc_all1617 series_06 part1,0.656,0.767,0.712,0.667,0.656,21,11,10,33
lg_bal_acc_all1617 series_06 part2,0.576,0.714,0.645,0.594,0.576,19,14,12,30
lg_bal_acc_all1617 series_06 part3,0.625,0.762,0.693,0.645,0.625,20,12,10,32
lg_bal_acc_all1617 series_06 part4,0.75,0.667,0.708,0.686,0.75,24,8,14,28
lg_bal_acc_all1617 series_06 part5,0.625,0.524,0.574,0.556,0.625,20,12,20,22
lg_bal_acc_all1617 series_06 MEAN,0.646,0.687,0.667,0.629,0.646,20.8,11.4,13.2,29.0
lg_bal_acc_all1617 series_07 part1,0.818,0.714,0.766,0.75,0.818,27,6,12,30
lg_bal_acc_all1617 series_07 part2,0.594,0.558,0.576,0.543,0.594,19,13,19,24
lg_bal_acc_all1617 series_07 part3,0.812,0.714,0.763,0.743,0.812,26,6,12,30
lg_bal_acc_all1617 series_07 part4,0.719,0.643,0.681,0.657,0.719,23,9,15,27
lg_bal_acc_all1617 series_07 part5,0.656,0.762,0.709,0.667,0.656,21,11,10,32
lg_bal_acc_all1617 series_07 MEAN,0.72,0.678,0.699,0.672,0.72,23.2,9.0,13.6,28.6
lg_bal_acc_all1617 series_08 part1,0.781,0.651,0.716,0.694,0.781,25,7,15,28
lg_bal_acc_all1617 series_08 part2,0.848,0.786,0.817,0.8,0.848,28,5,9,33
lg_bal_acc_all1617 series_08 part3,0.719,0.595,0.657,0.639,0.719,23,9,17,25
lg_bal_acc_all1617 series_08 part4,0.656,0.786,0.721,0.677,0.656,21,11,9,33
lg_bal_acc_all1617 series_08 part5,0.656,0.762,0.709,0.667,0.656,21,11,10,32
lg_bal_acc_all1617 series_08 MEAN,0.732,0.716,0.724,0.695,0.732,23.6,8.6,12.0,30.2
lg_bal_acc_all1617 series_09 part1,0.879,0.738,0.808,0.795,0.879,29,4,11,31
lg_bal_acc_all1617 series_09 part2,0.594,0.791,0.692,0.633,0.594,19,13,9,34
lg_bal_acc_all1617 series_09 part3,0.594,0.81,0.702,0.644,0.594,19,13,8,34
lg_bal_acc_all1617 series_09 part4,0.906,0.619,0.763,0.753,0.906,29,3,16,26
lg_bal_acc_all1617 series_09 part5,0.594,0.833,0.714,0.655,0.594,19,13,7,35
lg_bal_acc_all1617 series_09 MEAN,0.713,0.758,0.736,0.696,0.713,23.0,9.2,10.2,32.0
lg_bal_acc_all1617 series_10 part1,0.656,0.651,0.654,0.618,0.656,21,11,15,28
lg_bal_acc_all1617 series_10 part2,0.788,0.857,0.823,0.8,0.788,26,7,6,36
lg_bal_acc_all1617 series_10 part3,0.75,0.714,0.732,0.706,0.75,24,8,12,30
lg_bal_acc_all1617 series_10 part4,0.812,0.762,0.787,0.765,0.812,26,6,10,32
lg_bal_acc_all1617 series_10 part5,0.75,0.643,0.696,0.676,0.75,24,8,15,27
lg_bal_acc_all1617 series_10 MEAN,0.751,0.725,0.738,0.713,0.751,24.2,8.0,11.6,30.6
lg_bal_acc_all1617 series_11 part1,0.939,0.738,0.839,0.827,0.939,31,2,11,31
lg_bal_acc_all1617 series_11 part2,0.719,0.767,0.743,0.708,0.719,23,9,10,33
lg_bal_acc_all1617 series_11 part3,0.656,0.81,0.733,0.689,0.656,21,11,8,34
lg_bal_acc_all1617 series_11 part4,0.594,0.738,0.666,0.613,0.594,19,13,11,31
lg_bal_acc_all1617 series_11 part5,0.625,0.762,0.693,0.645,0.625,20,12,10,32
lg_bal_acc_all1617 series_11 MEAN,0.707,0.763,0.735,0.696,0.707,22.8,9.4,10.0,32.2
lg_bal_acc_all1617 series_12 part1,0.697,0.643,0.67,0.648,0.697,23,10,15,27
lg_bal_acc_all1617 series_12 part2,0.844,0.814,0.829,0.806,0.844,27,5,8,35
lg_bal_acc_all1617 series_12 part3,0.688,0.69,0.689,0.657,0.688,22,10,13,29
lg_bal_acc_all1617 series_12 part4,0.719,0.81,0.764,0.73,0.719,23,9,8,34
lg_bal_acc_all1617 series_12 part5,0.875,0.786,0.83,0.812,0.875,28,4,9,33
lg_bal_acc_all1617 series_12 MEAN,0.764,0.749,0.756,0.73,0.764,24.6,7.6,10.6,31.6
lg_bal_acc_all1617 series_13 part1,0.812,0.651,0.732,0.712,0.812,26,6,15,28
lg_bal_acc_all1617 series_13 part2,0.727,0.595,0.661,0.649,0.727,24,9,17,25
lg_bal_acc_all1617 series_13 part3,0.844,0.762,0.803,0.783,0.844,27,5,10,32
lg_bal_acc_all1617 series_13 part4,0.875,0.833,0.854,0.836,0.875,28,4,7,35
lg_bal_acc_all1617 series_13 part5,0.75,0.81,0.78,0.75,0.75,24,8,8,34
lg_bal_acc_all1617 series_13 MEAN,0.802,0.73,0.766,0.746,0.802,25.8,6.4,11.4,30.8
lg_bal_acc_all1617 series_14 part1,0.875,0.628,0.751,0.737,0.875,28,4,16,27
lg_bal_acc_all1617 series_14 part2,0.667,0.833,0.75,0.71,0.667,22,11,7,35
lg_bal_acc_all1617 series_14 part3,0.781,0.69,0.736,0.714,0.781,25,7,13,29
lg_bal_acc_all1617 series_14 part4,0.656,0.738,0.697,0.656,0.656,21,11,11,31
lg_bal_acc_all1617 series_14 part5,0.812,0.738,0.775,0.754,0.812,26,6,11,31
lg_bal_acc_all1617 series_14 MEAN,0.758,0.726,0.742,0.714,0.758,24.4,7.8,11.6,30.6
lg_bal_acc_all1617 series_15 part1,0.656,0.791,0.723,0.677,0.656,21,11,9,34
lg_bal_acc_all1617 series_15 part2,0.758,0.643,0.7,0.685,0.758,25,8,15,27
lg_bal_acc_all1617 series_15 part3,0.719,0.833,0.776,0.742,0.719,23,9,7,35
lg_bal_acc_all1617 series_15 part4,0.75,0.762,0.756,0.727,0.75,24,8,10,32
lg_bal_acc_all1617 series_15 part5,0.625,0.738,0.682,0.635,0.625,20,12,11,31
lg_bal_acc_all1617 series_15 MEAN,0.702,0.753,0.727,0.693,0.702,22.6,9.6,10.4,31.8
lg_bal_acc_all1617 series_16 part1,0.781,0.767,0.774,0.746,0.781,25,7,10,33
lg_bal_acc_all1617 series_16 part2,0.697,0.69,0.694,0.667,0.697,23,10,13,29
lg_bal_acc_all1617 series_16 part3,0.625,0.762,0.693,0.645,0.625,20,12,10,32
lg_bal_acc_all1617 series_16 part4,0.875,0.595,0.735,0.727,0.875,28,4,17,25
lg_bal_acc_all1617 series_16 part5,0.844,0.929,0.886,0.871,0.844,27,5,3,39
lg_bal_acc_all1617 series_16 MEAN,0.764,0.749,0.757,0.731,0.764,24.6,7.6,10.6,31.6
lg_bal_acc_all1617 series_17 part1,0.939,0.714,0.827,0.816,0.939,31,2,12,30
lg_bal_acc_all1617 series_17 part2,0.75,0.86,0.805,0.774,0.75,24,8,6,37
lg_bal_acc_all1617 series_17 part3,0.781,0.69,0.736,0.714,0.781,25,7,13,29
lg_bal_acc_all1617 series_17 part4,0.75,0.738,0.744,0.716,0.75,24,8,11,31
lg_bal_acc_all1617 series_17 part5,0.531,0.69,0.611,0.548,0.531,17,15,13,29
lg_bal_acc_all1617 series_17 MEAN,0.75,0.739,0.745,0.714,0.75,24.2,8.0,11.0,31.2
lg_bal_acc_all1617 series_18 part1,0.844,0.674,0.759,0.74,0.844,27,5,14,29
lg_bal_acc_all1617 series_18 part2,0.788,0.738,0.763,0.743,0.788,26,7,11,31
lg_bal_acc_all1617 series_18 part3,0.625,0.738,0.682,0.635,0.625,20,12,11,31
lg_bal_acc_all1617 series_18 part4,0.781,0.69,0.736,0.714,0.781,25,7,13,29
lg_bal_acc_all1617 series_18 part5,0.75,0.786,0.768,0.738,0.75,24,8,9,33
lg_bal_acc_all1617 series_18 MEAN,0.758,0.725,0.741,0.714,0.758,24.4,7.8,11.6,30.6
lg_bal_acc_all1617 series_19 part1,0.636,0.857,0.747,0.7,0.636,21,12,6,36
lg_bal_acc_all1617 series_19 part2,0.625,0.581,0.603,0.571,0.625,20,12,18,25
lg_bal_acc_all1617 series_19 part3,0.844,0.833,0.839,0.818,0.844,27,5,7,35
lg_bal_acc_all1617 series_19 part4,0.656,0.786,0.721,0.677,0.656,21,11,9,33
lg_bal_acc_all1617 series_19 part5,0.938,0.714,0.826,0.811,0.938,30,2,12,30
lg_bal_acc_all1617 series_19 MEAN,0.74,0.754,0.747,0.716,0.74,23.8,8.4,10.4,31.8
lg_bal_acc_all1617 series_20 part1,0.727,0.738,0.733,0.706,0.727,24,9,11,31
lg_bal_acc_all1617 series_20 part2,0.781,0.767,0.774,0.746,0.781,25,7,10,33
lg_bal_acc_all1617 series_20 part3,0.688,0.786,0.737,0.698,0.688,22,10,9,33
lg_bal_acc_all1617 series_20 part4,0.812,0.857,0.835,0.812,0.812,26,6,6,36
lg_bal_acc_all1617 series_20 part5,0.781,0.667,0.724,0.704,0.781,25,7,14,28
lg_bal_acc_all1617 series_20 MEAN,0.758,0.763,0.76,0.733,0.758,24.4,7.8,10.0,32.2
lg_bal_acc_all1617 series_21 part1,0.75,0.767,0.759,0.727,0.75,24,8,10,33
lg_bal_acc_all1617 series_21 part2,0.879,0.786,0.832,0.817,0.879,29,4,9,33
lg_bal_acc_all1617 series_21 part3,0.844,0.786,0.815,0.794,0.844,27,5,9,33
lg_bal_acc_all1617 series_21 part4,0.75,0.833,0.792,0.762,0.75,24,8,7,35
lg_bal_acc_all1617 series_21 part5,0.875,0.667,0.771,0.757,0.875,28,4,14,28
lg_bal_acc_all1617 series_21 MEAN,0.82,0.768,0.794,0.771,0.82,26.4,5.8,9.8,32.4
lg_bal_acc_all1617 series_22 part1,0.781,0.628,0.705,0.685,0.781,25,7,16,27
lg_bal_acc_all1617 series_22 part2,0.818,0.786,0.802,0.783,0.818,27,6,9,33
lg_bal_acc_all1617 series_22 part3,0.75,0.81,0.78,0.75,0.75,24,8,8,34
lg_bal_acc_all1617 series_22 part4,0.875,0.786,0.83,0.812,0.875,28,4,9,33
lg_bal_acc_all1617 series_22 part5,0.719,0.738,0.728,0.697,0.719,23,9,11,31
lg_bal_acc_all1617 series_22 MEAN,0.789,0.749,0.769,0.745,0.789,25.4,6.8,10.6,31.6
lg_bal_acc_all1718 series_01 part1,0.516,0.896,0.706,0.615,0.516,16,15,5,43
lg_bal_acc_all1718 series_01 part2,0.774,0.75,0.762,0.716,0.774,24,7,12,36
lg_bal_acc_all1718 series_01 part3,0.742,0.708,0.725,0.676,0.742,23,8,14,34
lg_bal_acc_all1718 series_01 part4,0.839,0.638,0.739,0.703,0.839,26,5,17,30
lg_bal_acc_all1718 series_01 part5,0.767,0.667,0.717,0.667,0.767,23,7,16,32
lg_bal_acc_all1718 series_01 MEAN,0.728,0.732,0.73,0.676,0.728,22.4,8.4,12.8,35.0
lg_bal_acc_all1718 series_02 part1,0.839,0.771,0.805,0.765,0.839,26,5,11,37
lg_bal_acc_all1718 series_02 part2,0.71,0.542,0.626,0.587,0.71,22,9,22,26
lg_bal_acc_all1718 series_02 part3,0.871,0.667,0.769,0.73,0.871,27,4,16,32
lg_bal_acc_all1718 series_02 part4,0.867,0.729,0.798,0.754,0.867,26,4,13,35
lg_bal_acc_all1718 series_02 part5,0.71,0.681,0.695,0.647,0.71,22,9,15,32
lg_bal_acc_all1718 series_02 MEAN,0.799,0.678,0.738,0.696,0.799,24.6,6.2,15.4,32.4
lg_bal_acc_all1718 series_03 part1,0.806,0.604,0.705,0.667,0.806,25,6,19,29
lg_bal_acc_all1718 series_03 part2,0.677,0.604,0.641,0.592,0.677,21,10,19,29
lg_bal_acc_all1718 series_03 part3,0.645,0.646,0.645,0.588,0.645,20,11,17,31
lg_bal_acc_all1718 series_03 part4,0.839,0.83,0.834,0.8,0.839,26,5,8,39
lg_bal_acc_all1718 series_03 part5,0.633,0.833,0.733,0.667,0.633,19,11,8,40
lg_bal_acc_all1718 series_03 MEAN,0.72,0.703,0.712,0.663,0.72,22.2,8.6,14.2,33.6
lg_bal_acc_all1718 series_04 part1,0.677,0.75,0.714,0.656,0.677,21,10,12,36
lg_bal_acc_all1718 series_04 part2,0.839,0.604,0.721,0.684,0.839,26,5,19,29
lg_bal_acc_all1718 series_04 part3,0.742,0.729,0.736,0.687,0.742,23,8,13,35
lg_bal_acc_all1718 series_04 part4,0.7,0.771,0.735,0.677,0.7,21,9,11,37
lg_bal_acc_all1718 series_04 part5,0.613,0.723,0.668,0.603,0.613,19,12,13,34
lg_bal_acc_all1718 series_04 MEAN,0.714,0.716,0.715,0.662,0.714,22.0,8.8,13.6,34.2
lg_bal_acc_all1718 series_05 part1,0.548,0.812,0.68,0.596,0.548,17,14,9,39
lg_bal_acc_all1718 series_05 part2,0.871,0.75,0.81,0.771,0.871,27,4,12,36
lg_bal_acc_all1718 series_05 part3,0.806,0.667,0.737,0.694,0.806,25,6,16,32
lg_bal_acc_all1718 series_05 part4,0.8,0.625,0.712,0.667,0.8,24,6,18,30
lg_bal_acc_all1718 series_05 part5,0.742,0.745,0.743,0.697,0.742,23,8,12,35
lg_bal_acc_all1718 series_05 MEAN,0.754,0.72,0.737,0.685,0.754,23.2,7.6,13.4,34.4
lg_bal_acc_all1718 series_06 part1,0.677,0.833,0.755,0.7,0.677,21,10,8,40
lg_bal_acc_all1718 series_06 part2,0.839,0.688,0.763,0.722,0.839,26,5,15,33
lg_bal_acc_all1718 series_06 part3,0.613,0.667,0.64,0.576,0.613,19,12,16,32
lg_bal_acc_all1718 series_06 part4,0.767,0.708,0.738,0.687,0.767,23,7,14,34
lg_bal_acc_all1718 series_06 part5,0.774,0.745,0.759,0.716,0.774,24,7,12,35
lg_bal_acc_all1718 series_06 MEAN,0.734,0.728,0.731,0.68,0.734,22.6,8.2,13.0,34.8
lg_bal_acc_all1718 series_07 part1,0.71,0.75,0.73,0.677,0.71,22,9,12,36
lg_bal_acc_all1718 series_07 part2,0.742,0.792,0.767,0.719,0.742,23,8,10,38
lg_bal_acc_all1718 series_07 part3,0.806,0.833,0.82,0.781,0.806,25,6,8,40
lg_bal_acc_all1718 series_07 part4,0.806,0.638,0.722,0.685,0.806,25,6,17,30
lg_bal_acc_all1718 series_07 part5,0.7,0.688,0.694,0.636,0.7,21,9,15,33
lg_bal_acc_all1718 series_07 MEAN,0.753,0.74,0.747,0.7,0.753,23.2,7.6,12.4,35.4
lg_bal_acc_all1718 series_08 part1,0.645,0.812,0.729,0.667,0.645,20,11,9,39
lg_bal_acc_all1718 series_08 part2,0.645,0.729,0.687,0.625,0.645,20,11,13,35
lg_bal_acc_all1718 series_08 part3,0.71,0.854,0.782,0.733,0.71,22,9,7,41
lg_bal_acc_all1718 series_08 part4,0.867,0.771,0.819,0.776,0.867,26,4,11,37
lg_bal_acc_all1718 series_08 part5,0.806,0.83,0.818,0.781,0.806,25,6,8,39
lg_bal_acc_all1718 series_08 MEAN,0.735,0.799,0.767,0.716,0.735,22.6,8.2,9.6,38.2
lg_bal_acc_all1718 series_09 part1,0.871,0.667,0.769,0.73,0.871,27,4,16,32
lg_bal_acc_all1718 series_09 part2,0.677,0.833,0.755,0.7,0.677,21,10,8,40
lg_bal_acc_all1718 series_09 part3,0.839,0.75,0.794,0.754,0.839,26,5,12,36
lg_bal_acc_all1718 series_09 part4,0.667,0.812,0.74,0.678,0.667,20,10,9,39
lg_bal_acc_all1718 series_09 part5,0.645,0.851,0.748,0.69,0.645,20,11,7,40
lg_bal_acc_all1718 series_09 MEAN,0.74,0.783,0.761,0.71,0.74,22.8,8.0,10.4,37.4
lg_bal_acc_all1718 series_10 part1,0.774,0.708,0.741,0.696,0.774,24,7,14,34
lg_bal_acc_all1718 series_10 part2,0.839,0.917,0.878,0.852,0.839,26,5,4,44
lg_bal_acc_all1718 series_10 part3,0.645,0.833,0.739,0.678,0.645,20,11,8,40
lg_bal_acc_all1718 series_10 part4,0.677,0.809,0.743,0.689,0.677,21,10,9,38
lg_bal_acc_all1718 series_10 part5,0.8,0.771,0.785,0.738,0.8,24,6,11,37
lg_bal_acc_all1718 series_10 MEAN,0.747,0.808,0.777,0.731,0.747,23.0,7.8,9.2,38.6
lg_bal_acc_all1718 series_11 part1,0.613,0.896,0.754,0.691,0.613,19,12,5,43
lg_bal_acc_all1718 series_11 part2,0.774,0.771,0.773,0.727,0.774,24,7,11,37
lg_bal_acc_all1718 series_11 part3,0.742,0.688,0.715,0.667,0.742,23,8,15,33
lg_bal_acc_all1718 series_11 part4,0.613,0.809,0.711,0.644,0.613,19,12,9,38
lg_bal_acc_all1718 series_11 part5,0.833,0.833,0.833,0.794,0.833,25,5,8,40
lg_bal_acc_all1718 series_11 MEAN,0.715,0.799,0.757,0.705,0.715,22.0,8.8,9.6,38.2
lg_bal_acc_all1718 series_12 part1,0.871,0.75,0.81,0.771,0.871,27,4,12,36
lg_bal_acc_all1718 series_12 part2,0.677,0.917,0.797,0.75,0.677,21,10,4,44
lg_bal_acc_all1718 series_12 part3,0.742,0.75,0.746,0.697,0.742,23,8,12,36
lg_bal_acc_all1718 series_12 part4,0.8,0.792,0.796,0.75,0.8,24,6,10,38
lg_bal_acc_all1718 series_12 part5,0.806,0.809,0.807,0.769,0.806,25,6,9,38
lg_bal_acc_all1718 series_12 MEAN,0.779,0.803,0.791,0.748,0.779,24.0,6.8,9.4,38.4
lg_bal_acc_all1718 series_13 part1,0.742,0.896,0.819,0.78,0.742,23,8,5,43
lg_bal_acc_all1718 series_13 part2,0.742,0.812,0.777,0.73,0.742,23,8,9,39
lg_bal_acc_all1718 series_13 part3,0.806,0.75,0.778,0.735,0.806,25,6,12,36
lg_bal_acc_all1718 series_13 part4,0.867,0.833,0.85,0.812,0.867,26,4,8,40
lg_bal_acc_all1718 series_13 part5,0.839,0.83,0.834,0.8,0.839,26,5,8,39
lg_bal_acc_all1718 series_13 MEAN,0.799,0.824,0.812,0.772,0.799,24.6,6.2,8.4,39.4
lg_bal_acc_all1718 series_14 part1,0.742,0.708,0.725,0.676,0.742,23,8,14,34
lg_bal_acc_all1718 series_14 part2,0.903,0.729,0.816,0.778,0.903,28,3,13,35
lg_bal_acc_all1718 series_14 part3,0.71,0.854,0.782,0.733,0.71,22,9,7,41
lg_bal_acc_all1718 series_14 part4,0.6,0.792,0.696,0.621,0.6,18,12,10,38
lg_bal_acc_all1718 series_14 part5,0.839,0.872,0.856,0.825,0.839,26,5,6,41
lg_bal_acc_all1718 series_14 MEAN,0.759,0.791,0.775,0.727,0.759,23.4,7.4,10.0,37.8
lg_bal_acc_all1718 series_15 part1,0.774,0.792,0.783,0.738,0.774,24,7,10,38
lg_bal_acc_all1718 series_15 part2,0.742,0.708,0.725,0.676,0.742,23,8,14,34
lg_bal_acc_all1718 series_15 part3,0.742,0.875,0.808,0.767,0.742,23,8,6,42
lg_bal_acc_all1718 series_15 part4,0.645,0.809,0.727,0.667,0.645,20,11,9,38
lg_bal_acc_all1718 series_15 part5,0.867,0.771,0.819,0.776,0.867,26,4,11,37
lg_bal_acc_all1718 series_15 MEAN,0.754,0.791,0.772,0.725,0.754,23.2,7.6,10.0,37.8
lg_bal_acc_all1718 series_16 part1,0.839,0.75,0.794,0.754,0.839,26,5,12,36
lg_bal_acc_all1718 series_16 part2,0.903,0.771,0.837,0.8,0.903,28,3,11,37
lg_bal_acc_all1718 series_16 part3,0.774,0.771,0.773,0.727,0.774,24,7,11,37
lg_bal_acc_all1718 series_16 part4,0.806,0.745,0.776,0.735,0.806,25,6,12,35
lg_bal_acc_all1718 series_16 part5,0.8,0.771,0.785,0.738,0.8,24,6,11,37
lg_bal_acc_all1718 series_16 MEAN,0.825,0.761,0.793,0.751,0.825,25.4,5.4,11.4,36.4
lg_bal_acc_all1718 series_17 part1,0.71,0.708,0.709,0.657,0.71,22,9,14,34
lg_bal_acc_all1718 series_17 part2,0.839,0.833,0.836,0.8,0.839,26,5,8,40
lg_bal_acc_all1718 series_17 part3,0.806,0.667,0.737,0.694,0.806,25,6,16,32
lg_bal_acc_all1718 series_17 part4,0.667,0.875,0.771,0.714,0.667,20,10,6,42
lg_bal_acc_all1718 series_17 part5,0.71,0.702,0.706,0.657,0.71,22,9,14,33
lg_bal_acc_all1718 series_17 MEAN,0.746,0.757,0.752,0.704,0.746,23.0,7.8,11.6,36.2
lg_bal_acc_all1718 series_18 part1,0.871,0.688,0.779,0.74,0.871,27,4,15,33
lg_bal_acc_all1718 series_18 part2,0.806,0.708,0.757,0.714,0.806,25,6,14,34
lg_bal_acc_all1718 series_18 part3,0.71,0.812,0.761,0.71,0.71,22,9,9,39
lg_bal_acc_all1718 series_18 part4,0.839,0.766,0.802,0.765,0.839,26,5,11,36
lg_bal_acc_all1718 series_18 part5,0.8,0.729,0.765,0.716,0.8,24,6,13,35
lg_bal_acc_all1718 series_18 MEAN,0.805,0.741,0.773,0.729,0.805,24.8,6.0,12.4,35.4
lg_bal_acc_all1718 series_19 part1,0.774,0.792,0.783,0.738,0.774,24,7,10,38
lg_bal_acc_all1718 series_19 part2,0.71,0.875,0.792,0.746,0.71,22,9,6,42
lg_bal_acc_all1718 series_19 part3,0.742,0.771,0.756,0.708,0.742,23,8,11,37
lg_bal_acc_all1718 series_19 part4,0.767,0.854,0.81,0.767,0.767,23,7,7,41
lg_bal_acc_all1718 series_19 part5,0.806,0.766,0.786,0.746,0.806,25,6,11,36
lg_bal_acc_all1718 series_19 MEAN,0.76,0.812,0.786,0.741,0.76,23.4,7.4,9.0,38.8
lg_bal_acc_all1718 series_20 part1,0.742,0.771,0.756,0.708,0.742,23,8,11,37
lg_bal_acc_all1718 series_20 part2,0.806,0.833,0.82,0.781,0.806,25,6,8,40
lg_bal_acc_all1718 series_20 part3,0.839,0.854,0.846,0.812,0.839,26,5,7,41
lg_bal_acc_all1718 series_20 part4,0.833,0.771,0.802,0.758,0.833,25,5,11,37
lg_bal_acc_all1718 series_20 part5,0.613,0.915,0.764,0.704,0.613,19,12,4,43
lg_bal_acc_all1718 series_20 MEAN,0.767,0.829,0.798,0.753,0.767,23.6,7.2,8.2,39.6
lg_bal_acc_all1718 series_21 part1,0.774,0.771,0.773,0.727,0.774,24,7,11,37
lg_bal_acc_all1718 series_21 part2,0.806,0.833,0.82,0.781,0.806,25,6,8,40
lg_bal_acc_all1718 series_21 part3,0.71,0.812,0.761,0.71,0.71,22,9,9,39
lg_bal_acc_all1718 series_21 part4,0.839,0.745,0.792,0.754,0.839,26,5,12,35
lg_bal_acc_all1718 series_21 part5,0.8,0.854,0.827,0.787,0.8,24,6,7,41
lg_bal_acc_all1718 series_21 MEAN,0.786,0.803,0.794,0.752,0.786,24.2,6.6,9.4,38.4
lg_bal_acc_all1718 series_22 part1,0.774,0.708,0.741,0.696,0.774,24,7,14,34
lg_bal_acc_all1718 series_22 part2,0.774,0.75,0.762,0.716,0.774,24,7,12,36
lg_bal_acc_all1718 series_22 part3,0.774,0.854,0.814,0.774,0.774,24,7,7,41
lg_bal_acc_all1718 series_22 part4,0.839,0.787,0.813,0.776,0.839,26,5,10,37
lg_bal_acc_all1718 series_22 part5,0.967,0.729,0.848,0.806,0.967,29,1,13,35
lg_bal_acc_all1718 series_22 MEAN,0.826,0.766,0.796,0.754,0.826,25.4,5.4,11.2,36.6
lg_bal_acc_all1819 series_01 part1,0.727,0.745,0.736,0.676,0.727,24,9,14,41
lg_bal_acc_all1819 series_01 part2,0.667,0.818,0.742,0.677,0.667,22,11,10,45
lg_bal_acc_all1819 series_01 part3,0.545,0.704,0.625,0.537,0.545,18,15,16,38
lg_bal_acc_all1819 series_01 part4,0.788,0.833,0.811,0.765,0.788,26,7,9,45
lg_bal_acc_all1819 series_01 part5,0.719,0.764,0.741,0.676,0.719,23,9,13,42
lg_bal_acc_all1819 series_01 MEAN,0.689,0.773,0.731,0.666,0.689,22.6,10.2,12.4,42.2
lg_bal_acc_all1819 series_02 part1,0.727,0.8,0.764,0.706,0.727,24,9,11,44
lg_bal_acc_all1819 series_02 part2,0.667,0.818,0.742,0.677,0.667,22,11,10,45
lg_bal_acc_all1819 series_02 part3,0.576,0.759,0.668,0.585,0.576,19,14,13,41
lg_bal_acc_all1819 series_02 part4,0.697,0.815,0.756,0.697,0.697,23,10,10,44
lg_bal_acc_all1819 series_02 part5,0.719,0.782,0.75,0.687,0.719,23,9,12,43
lg_bal_acc_all1819 series_02 MEAN,0.677,0.795,0.736,0.67,0.677,22.2,10.6,11.2,43.4
lg_bal_acc_all1819 series_03 part1,0.636,0.891,0.764,0.7,0.636,21,12,6,49
lg_bal_acc_all1819 series_03 part2,0.758,0.836,0.797,0.746,0.758,25,8,9,46
lg_bal_acc_all1819 series_03 part3,0.625,0.709,0.667,0.588,0.625,20,12,16,39
lg_bal_acc_all1819 series_03 part4,0.788,0.796,0.792,0.743,0.788,26,7,11,43
lg_bal_acc_all1819 series_03 part5,0.667,0.63,0.648,0.587,0.667,22,11,20,34
lg_bal_acc_all1819 series_03 MEAN,0.695,0.772,0.734,0.673,0.695,22.8,10.0,12.4,42.2
lg_bal_acc_all1819 series_04 part1,0.455,0.836,0.645,0.526,0.455,15,18,9,46
lg_bal_acc_all1819 series_04 part2,0.939,0.745,0.842,0.795,0.939,31,2,14,41
lg_bal_acc_all1819 series_04 part3,0.758,0.759,0.758,0.704,0.758,25,8,13,41
lg_bal_acc_all1819 series_04 part4,0.818,0.778,0.798,0.75,0.818,27,6,12,42
lg_bal_acc_all1819 series_04 part5,0.844,0.745,0.795,0.74,0.844,27,5,14,41
lg_bal_acc_all1819 series_04 MEAN,0.763,0.773,0.768,0.703,0.763,25.0,7.8,12.4,42.2
lg_bal_acc_all1819 series_05 part1,0.879,0.745,0.812,0.763,0.879,29,4,14,41
lg_bal_acc_all1819 series_05 part2,0.848,0.691,0.77,0.718,0.848,28,5,17,38
lg_bal_acc_all1819 series_05 part3,0.594,0.782,0.688,0.603,0.594,19,13,12,43
lg_bal_acc_all1819 series_05 part4,0.848,0.833,0.841,0.8,0.848,28,5,9,45
lg_bal_acc_all1819 series_05 part5,0.788,0.704,0.746,0.693,0.788,26,7,16,38
lg_bal_acc_all1819 series_05 MEAN,0.791,0.751,0.771,0.716,0.791,26.0,6.8,13.6,41.0
lg_bal_acc_all1819 series_06 part1,0.697,0.818,0.758,0.697,0.697,23,10,10,45
lg_bal_acc_all1819 series_06 part2,0.788,0.8,0.794,0.743,0.788,26,7,11,44
lg_bal_acc_all1819 series_06 part3,0.594,0.691,0.642,0.559,0.594,19,13,17,38
lg_bal_acc_all1819 series_06 part4,0.636,0.87,0.753,0.689,0.636,21,12,7,47
lg_bal_acc_all1819 series_06 part5,0.758,0.759,0.758,0.704,0.758,25,8,13,41
lg_bal_acc_all1819 series_06 MEAN,0.695,0.788,0.741,0.678,0.695,22.8,10.0,11.6,43.0
lg_bal_acc_all1819 series_07 part1,0.788,0.782,0.785,0.732,0.788,26,7,12,43
lg_bal_acc_all1819 series_07 part2,0.758,0.764,0.761,0.704,0.758,25,8,13,42
lg_bal_acc_all1819 series_07 part3,0.656,0.727,0.692,0.618,0.656,21,11,15,40
lg_bal_acc_all1819 series_07 part4,0.606,0.722,0.664,0.588,0.606,20,13,15,39
lg_bal_acc_all1819 series_07 part5,0.758,0.833,0.795,0.746,0.758,25,8,9,45
lg_bal_acc_all1819 series_07 MEAN,0.713,0.766,0.739,0.678,0.713,23.4,9.4,12.8,41.8
lg_bal_acc_all1819 series_08 part1,0.727,0.855,0.791,0.738,0.727,24,9,8,47
lg_bal_acc_all1819 series_08 part2,0.788,0.691,0.739,0.684,0.788,26,7,17,38
lg_bal_acc_all1819 series_08 part3,0.562,0.8,0.681,0.59,0.562,18,14,11,44
lg_bal_acc_all1819 series_08 part4,0.758,0.778,0.768,0.714,0.758,25,8,12,42
lg_bal_acc_all1819 series_08 part5,0.758,0.667,0.712,0.658,0.758,25,8,18,36
lg_bal_acc_all1819 series_08 MEAN,0.719,0.758,0.738,0.677,0.719,23.6,9.2,13.2,41.4
lg_bal_acc_all1819 series_09 part1,0.667,0.782,0.724,0.657,0.667,22,11,12,43
lg_bal_acc_all1819 series_09 part2,0.818,0.709,0.764,0.711,0.818,27,6,16,39
lg_bal_acc_all1819 series_09 part3,0.719,0.8,0.759,0.697,0.719,23,9,11,44
lg_bal_acc_all1819 series_09 part4,0.697,0.796,0.747,0.687,0.697,23,10,11,43
lg_bal_acc_all1819 series_09 part5,0.727,0.796,0.762,0.706,0.727,24,9,11,43
lg_bal_acc_all1819 series_09 MEAN,0.726,0.777,0.751,0.691,0.726,23.8,9.0,12.2,42.4
lg_bal_acc_all1819 series_10 part1,0.788,0.709,0.748,0.693,0.788,26,7,16,39
lg_bal_acc_all1819 series_10 part2,0.758,0.855,0.806,0.758,0.758,25,8,8,47
lg_bal_acc_all1819 series_10 part3,0.818,0.648,0.733,0.684,0.818,27,6,19,35
lg_bal_acc_all1819 series_10 part4,0.636,0.796,0.716,0.646,0.636,21,12,11,43
lg_bal_acc_all1819 series_10 part5,0.875,0.818,0.847,0.8,0.875,28,4,10,45
lg_bal_acc_all1819 series_10 MEAN,0.775,0.765,0.77,0.716,0.775,25.4,7.4,12.8,41.8
lg_bal_acc_all1819 series_11 part1,0.818,0.855,0.836,0.794,0.818,27,6,8,47
lg_bal_acc_all1819 series_11 part2,0.636,0.745,0.691,0.618,0.636,21,12,14,41
lg_bal_acc_all1819 series_11 part3,0.75,0.745,0.748,0.686,0.75,24,8,14,41
lg_bal_acc_all1819 series_11 part4,0.848,0.815,0.832,0.789,0.848,28,5,10,44
lg_bal_acc_all1819 series_11 part5,0.667,0.833,0.75,0.688,0.667,22,11,9,45
lg_bal_acc_all1819 series_11 MEAN,0.744,0.799,0.771,0.715,0.744,24.4,8.4,11.0,43.6
lg_bal_acc_all1819 series_12 part1,0.848,0.8,0.824,0.778,0.848,28,5,11,44
lg_bal_acc_all1819 series_12 part2,0.788,0.745,0.767,0.712,0.788,26,7,14,41
lg_bal_acc_all1819 series_12 part3,0.781,0.8,0.791,0.735,0.781,25,7,11,44
lg_bal_acc_all1819 series_12 part4,0.576,0.926,0.751,0.679,0.576,19,14,4,50
lg_bal_acc_all1819 series_12 part5,0.818,0.796,0.807,0.761,0.818,27,6,11,43
lg_bal_acc_all1819 series_12 MEAN,0.762,0.814,0.788,0.733,0.762,25.0,7.8,10.2,44.4
lg_bal_acc_all1819 series_13 part1,0.727,0.745,0.736,0.676,0.727,24,9,14,41
lg_bal_acc_all1819 series_13 part2,0.818,0.727,0.773,0.72,0.818,27,6,15,40
lg_bal_acc_all1819 series_13 part3,0.75,0.945,0.848,0.814,0.75,24,8,3,52
lg_bal_acc_all1819 series_13 part4,0.879,0.648,0.763,0.716,0.879,29,4,19,35
lg_bal_acc_all1819 series_13 part5,0.818,0.87,0.844,0.806,0.818,27,6,7,47
lg_bal_acc_all1819 series_13 MEAN,0.798,0.787,0.793,0.746,0.798,26.2,6.6,11.6,43.0
lg_bal_acc_all1819 series_14 part1,0.758,0.855,0.806,0.758,0.758,25,8,8,47
lg_bal_acc_all1819 series_14 part2,0.667,0.818,0.742,0.677,0.667,22,11,10,45
lg_bal_acc_all1819 series_14 part3,0.781,0.818,0.8,0.746,0.781,25,7,10,45
lg_bal_acc_all1819 series_14 part4,0.818,0.722,0.77,0.72,0.818,27,6,15,39
lg_bal_acc_all1819 series_14 part5,0.818,0.778,0.798,0.75,0.818,27,6,12,42
lg_bal_acc_all1819 series_14 MEAN,0.768,0.798,0.783,0.73,0.768,25.2,7.6,11.0,43.6
lg_bal_acc_all1819 series_15 part1,0.758,0.745,0.752,0.694,0.758,25,8,14,41
lg_bal_acc_all1819 series_15 part2,0.697,0.709,0.703,0.639,0.697,23,10,16,39
lg_bal_acc_all1819 series_15 part3,0.875,0.836,0.856,0.812,0.875,28,4,9,46
lg_bal_acc_all1819 series_15 part4,0.697,0.796,0.747,0.687,0.697,23,10,11,43
lg_bal_acc_all1819 series_15 part5,0.879,0.796,0.838,0.795,0.879,29,4,11,43
lg_bal_acc_all1819 series_15 MEAN,0.781,0.777,0.779,0.725,0.781,25.6,7.2,12.2,42.4
lg_bal_acc_all1819 series_16 part1,0.697,0.727,0.712,0.648,0.697,23,10,15,40
lg_bal_acc_all1819 series_16 part2,0.788,0.891,0.839,0.8,0.788,26,7,6,49
lg_bal_acc_all1819 series_16 part3,0.719,0.873,0.796,0.742,0.719,23,9,7,48
lg_bal_acc_all1819 series_16 part4,0.818,0.778,0.798,0.75,0.818,27,6,12,42
lg_bal_acc_all1819 series_16 part5,0.818,0.796,0.807,0.761,0.818,27,6,11,43
lg_bal_acc_all1819 series_16 MEAN,0.768,0.813,0.79,0.74,0.768,25.2,7.6,10.2,44.4
lg_bal_acc_all1819 series_17 part1,0.818,0.764,0.791,0.74,0.818,27,6,13,42
lg_bal_acc_all1819 series_17 part2,0.697,0.818,0.758,0.697,0.697,23,10,10,45
lg_bal_acc_all1819 series_17 part3,0.781,0.727,0.754,0.694,0.781,25,7,15,40
lg_bal_acc_all1819 series_17 part4,0.879,0.796,0.838,0.795,0.879,29,4,11,43
lg_bal_acc_all1819 series_17 part5,0.848,0.722,0.785,0.737,0.848,28,5,15,39
lg_bal_acc_all1819 series_17 MEAN,0.805,0.766,0.785,0.733,0.805,26.4,6.4,12.8,41.8
lg_bal_acc_all1819 series_18 part1,0.727,0.782,0.755,0.696,0.727,24,9,12,43
lg_bal_acc_all1819 series_18 part2,0.848,0.782,0.815,0.767,0.848,28,5,12,43
lg_bal_acc_all1819 series_18 part3,0.75,0.782,0.766,0.706,0.75,24,8,12,43
lg_bal_acc_all1819 series_18 part4,0.879,0.796,0.838,0.795,0.879,29,4,11,43
lg_bal_acc_all1819 series_18 part5,0.818,0.574,0.696,0.651,0.818,27,6,23,31
lg_bal_acc_all1819 series_18 MEAN,0.805,0.743,0.774,0.723,0.805,26.4,6.4,14.0,40.6
lg_bal_acc_all1819 series_19 part1,0.727,0.818,0.773,0.716,0.727,24,9,10,45
lg_bal_acc_all1819 series_19 part2,0.848,0.836,0.842,0.8,0.848,28,5,9,46
lg_bal_acc_all1819 series_19 part3,0.781,0.709,0.745,0.685,0.781,25,7,16,39
lg_bal_acc_all1819 series_19 part4,0.788,0.833,0.811,0.765,0.788,26,7,9,45
lg_bal_acc_all1819 series_19 part5,0.848,0.704,0.776,0.727,0.848,28,5,16,38
lg_bal_acc_all1819 series_19 MEAN,0.799,0.78,0.789,0.739,0.799,26.2,6.6,12.0,42.6
lg_bal_acc_all1819 series_20 part1,0.818,0.745,0.782,0.73,0.818,27,6,14,41
lg_bal_acc_all1819 series_20 part2,0.788,0.818,0.803,0.754,0.788,26,7,10,45
lg_bal_acc_all1819 series_20 part3,0.656,0.855,0.755,0.689,0.656,21,11,8,47
lg_bal_acc_all1819 series_20 part4,0.848,0.704,0.776,0.727,0.848,28,5,16,38
lg_bal_acc_all1819 series_20 part5,0.848,0.852,0.85,0.812,0.848,28,5,8,46
lg_bal_acc_all1819 series_20 MEAN,0.792,0.795,0.793,0.742,0.792,26.0,6.8,11.2,43.4
lg_bal_acc_all1819 series_21 part1,0.697,0.782,0.739,0.676,0.697,23,10,12,43
lg_bal_acc_all1819 series_21 part2,0.879,0.764,0.821,0.773,0.879,29,4,13,42
lg_bal_acc_all1819 series_21 part3,0.906,0.745,0.826,0.773,0.906,29,3,14,41
lg_bal_acc_all1819 series_21 part4,0.606,0.889,0.747,0.678,0.606,20,13,6,48
lg_bal_acc_all1819 series_21 part5,0.879,0.741,0.81,0.763,0.879,29,4,14,40
lg_bal_acc_all1819 series_21 MEAN,0.793,0.784,0.789,0.733,0.793,26.0,6.8,11.8,42.8
lg_bal_acc_all1819 series_22 part1,0.758,0.818,0.788,0.735,0.758,25,8,10,45
lg_bal_acc_all1819 series_22 part2,0.758,0.873,0.815,0.769,0.758,25,8,7,48
lg_bal_acc_all1819 series_22 part3,0.788,0.759,0.774,0.722,0.788,26,7,13,41
lg_bal_acc_all1819 series_22 part4,0.879,0.852,0.865,0.829,0.879,29,4,8,46
lg_bal_acc_all1819 series_22 part5,0.875,0.818,0.847,0.8,0.875,28,4,10,45
lg_bal_acc_all1819 series_22 MEAN,0.811,0.824,0.818,0.771,0.811,26.6,6.2,9.6,45.0
