prediction,acc_failed,acc_passed,bal_acc,f1,recall,tn,fp,fn,tp
svm_bal_acc_train1617_1718_test1819 series_00,0.683,0.795,0.739,0.675,0.683,112,52,56,217
svm_bal_acc_train1617_1718_test1819 series_01,0.695,0.788,0.741,0.679,0.695,114,50,58,215
svm_bal_acc_train1617_1718_test1819 series_02,0.689,0.755,0.722,0.657,0.689,113,51,67,206
svm_bal_acc_train1617_1718_test1819 series_03,0.665,0.751,0.708,0.639,0.665,109,55,68,205
svm_bal_acc_train1617_1718_test1819 series_04,0.677,0.762,0.719,0.653,0.677,111,53,65,208
svm_bal_acc_train1617_1718_test1819 series_05,0.659,0.758,0.708,0.639,0.659,108,56,66,207
svm_bal_acc_train1617_1718_test1819 series_06,0.628,0.788,0.708,0.634,0.628,103,61,58,215
svm_bal_acc_train1617_1718_test1819 series_07,0.652,0.758,0.705,0.635,0.652,107,57,66,207
svm_bal_acc_train1617_1718_test1819 series_08,0.64,0.758,0.699,0.627,0.64,105,59,66,207
svm_bal_acc_train1617_1718_test1819 series_09,0.634,0.769,0.702,0.628,0.634,104,60,63,210
svm_bal_acc_train1617_1718_test1819 series_10,0.695,0.839,0.767,0.708,0.695,114,50,44,229
svm_bal_acc_train1617_1718_test1819 series_11,0.671,0.821,0.746,0.681,0.671,110,54,49,224
svm_bal_acc_train1617_1718_test1819 series_12,0.726,0.817,0.771,0.715,0.726,119,45,50,223
svm_bal_acc_train1617_1718_test1819 series_13,0.677,0.773,0.725,0.659,0.677,111,53,62,211
svm_bal_acc_train1617_1718_test1819 series_14,0.665,0.791,0.728,0.661,0.665,109,55,57,216
svm_bal_acc_train1617_1718_test1819 series_15,0.762,0.784,0.773,0.718,0.762,125,39,59,214
svm_bal_acc_train1617_1718_test1819 series_16,0.72,0.821,0.77,0.713,0.72,118,46,49,224
svm_bal_acc_train1617_1718_test1819 series_17,0.72,0.824,0.772,0.715,0.72,118,46,48,225
svm_bal_acc_train1617_1718_test1819 series_18,0.726,0.828,0.777,0.721,0.726,119,45,47,226
svm_bal_acc_train1617_1718_test1819 series_19,0.732,0.81,0.771,0.714,0.732,120,44,52,221
svm_bal_acc_train1617_1718_test1819 series_20,0.707,0.78,0.744,0.682,0.707,116,48,60,213
svm_bal_acc_train1617_1718_test1819 series_21,0.634,0.78,0.707,0.634,0.634,104,60,60,213
svm_bal_acc_train1617_1819_test1718 series_00,0.669,0.753,0.711,0.652,0.669,103,51,59,180
svm_bal_acc_train1617_1819_test1718 series_01,0.656,0.757,0.707,0.645,0.656,101,53,58,181
svm_bal_acc_train1617_1819_test1718 series_02,0.701,0.724,0.713,0.659,0.701,108,46,66,173
svm_bal_acc_train1617_1819_test1718 series_03,0.656,0.757,0.707,0.645,0.656,101,53,58,181
svm_bal_acc_train1617_1819_test1718 series_04,0.714,0.778,0.746,0.694,0.714,110,44,53,186
svm_bal_acc_train1617_1819_test1718 series_05,0.727,0.799,0.763,0.713,0.727,112,42,48,191
svm_bal_acc_train1617_1819_test1718 series_06,0.721,0.803,0.762,0.712,0.721,111,43,47,192
svm_bal_acc_train1617_1819_test1718 series_07,0.714,0.812,0.763,0.712,0.714,110,44,45,194
svm_bal_acc_train1617_1819_test1718 series_08,0.727,0.757,0.742,0.691,0.727,112,42,58,181
svm_bal_acc_train1617_1819_test1718 series_09,0.74,0.766,0.753,0.704,0.74,114,40,56,183
svm_bal_acc_train1617_1819_test1718 series_10,0.675,0.77,0.723,0.665,0.675,104,50,55,184
svm_bal_acc_train1617_1819_test1718 series_11,0.721,0.766,0.743,0.692,0.721,111,43,56,183
svm_bal_acc_train1617_1819_test1718 series_12,0.721,0.753,0.737,0.685,0.721,111,43,59,180
svm_bal_acc_train1617_1819_test1718 series_13,0.714,0.753,0.734,0.681,0.714,110,44,59,180
svm_bal_acc_train1617_1819_test1718 series_14,0.714,0.787,0.75,0.698,0.714,110,44,51,188
svm_bal_acc_train1617_1819_test1718 series_15,0.773,0.753,0.763,0.717,0.773,119,35,59,180
svm_bal_acc_train1617_1819_test1718 series_16,0.714,0.774,0.744,0.692,0.714,110,44,54,185
svm_bal_acc_train1617_1819_test1718 series_17,0.688,0.782,0.735,0.679,0.688,106,48,52,187
svm_bal_acc_train1617_1819_test1718 series_18,0.701,0.787,0.744,0.69,0.701,108,46,51,188
svm_bal_acc_train1617_1819_test1718 series_19,0.766,0.799,0.783,0.737,0.766,118,36,48,191
svm_bal_acc_train1617_1819_test1718 series_20,0.714,0.795,0.755,0.703,0.714,110,44,49,190
svm_bal_acc_train1617_1819_test1718 series_21,0.734,0.799,0.766,0.717,0.734,113,41,48,191
svm_bal_acc_train1718_1819_test1617 series_00,0.522,0.787,0.654,0.579,0.522,84,77,45,166
svm_bal_acc_train1718_1819_test1617 series_01,0.578,0.754,0.666,0.608,0.578,93,68,52,159
svm_bal_acc_train1718_1819_test1617 series_02,0.553,0.758,0.656,0.591,0.553,89,72,51,160
svm_bal_acc_train1718_1819_test1617 series_03,0.547,0.791,0.669,0.601,0.547,88,73,44,167
svm_bal_acc_train1718_1819_test1617 series_04,0.602,0.758,0.68,0.628,0.602,97,64,51,160
svm_bal_acc_train1718_1819_test1617 series_05,0.64,0.758,0.699,0.654,0.64,103,58,51,160
svm_bal_acc_train1718_1819_test1617 series_06,0.646,0.806,0.726,0.68,0.646,104,57,41,170
svm_bal_acc_train1718_1819_test1617 series_07,0.646,0.763,0.704,0.66,0.646,104,57,50,161
svm_bal_acc_train1718_1819_test1617 series_08,0.64,0.796,0.718,0.671,0.64,103,58,43,168
svm_bal_acc_train1718_1819_test1617 series_09,0.615,0.81,0.713,0.66,0.615,99,62,40,171
svm_bal_acc_train1718_1819_test1617 series_10,0.658,0.791,0.725,0.682,0.658,106,55,44,167
svm_bal_acc_train1718_1819_test1617 series_11,0.671,0.787,0.729,0.688,0.671,108,53,45,166
svm_bal_acc_train1718_1819_test1617 series_12,0.658,0.796,0.727,0.684,0.658,106,55,43,168
svm_bal_acc_train1718_1819_test1617 series_13,0.658,0.777,0.718,0.675,0.658,106,55,47,164
svm_bal_acc_train1718_1819_test1617 series_14,0.677,0.763,0.72,0.681,0.677,109,52,50,161
svm_bal_acc_train1718_1819_test1617 series_15,0.46,0.867,0.663,0.563,0.46,74,87,28,183
svm_bal_acc_train1718_1819_test1617 series_16,0.696,0.768,0.732,0.696,0.696,112,49,49,162
svm_bal_acc_train1718_1819_test1617 series_17,0.683,0.787,0.735,0.696,0.683,110,51,45,166
svm_bal_acc_train1718_1819_test1617 series_18,0.683,0.749,0.716,0.679,0.683,110,51,53,158
svm_bal_acc_train1718_1819_test1617 series_19,0.658,0.791,0.725,0.682,0.658,106,55,44,167
svm_bal_acc_train1718_1819_test1617 series_20,0.671,0.801,0.736,0.695,0.671,108,53,42,169
svm_bal_acc_train1718_1819_test1617 series_21,0.702,0.806,0.754,0.717,0.702,113,48,41,170
svm_bal_acc_train1617_test1718 series_00,0.656,0.703,0.679,0.62,0.656,101,53,71,168
svm_bal_acc_train1617_test1718 series_01,0.688,0.674,0.681,0.627,0.688,106,48,78,161
svm_bal_acc_train1617_test1718 series_02,0.714,0.686,0.7,0.649,0.714,110,44,75,164
svm_bal_acc_train1617_test1718 series_03,0.675,0.707,0.691,0.634,0.675,104,50,70,169
svm_bal_acc_train1617_test1718 series_04,0.617,0.678,0.647,0.583,0.617,95,59,77,162
svm_bal_acc_train1617_test1718 series_05,0.675,0.749,0.712,0.654,0.675,104,50,60,179
svm_bal_acc_train1617_test1718 series_06,0.682,0.669,0.676,0.621,0.682,105,49,79,160
svm_bal_acc_train1617_test1718 series_07,0.714,0.728,0.721,0.669,0.714,110,44,65,174
svm_bal_acc_train1617_test1718 series_08,0.708,0.736,0.722,0.669,0.708,109,45,63,176
svm_bal_acc_train1617_test1718 series_09,0.727,0.745,0.736,0.685,0.727,112,42,61,178
svm_bal_acc_train1617_test1718 series_10,0.721,0.732,0.726,0.675,0.721,111,43,64,175
svm_bal_acc_train1617_test1718 series_11,0.753,0.715,0.734,0.686,0.753,116,38,68,171
svm_bal_acc_train1617_test1718 series_12,0.695,0.707,0.701,0.647,0.695,107,47,70,169
svm_bal_acc_train1617_test1718 series_13,0.649,0.707,0.678,0.617,0.649,100,54,70,169
svm_bal_acc_train1617_test1718 series_14,0.688,0.749,0.719,0.663,0.688,106,48,60,179
svm_bal_acc_train1617_test1718 series_15,0.721,0.728,0.724,0.673,0.721,111,43,65,174
svm_bal_acc_train1617_test1718 series_16,0.636,0.72,0.678,0.614,0.636,98,56,67,172
svm_bal_acc_train1617_test1718 series_17,0.623,0.695,0.659,0.594,0.623,96,58,73,166
svm_bal_acc_train1617_test1718 series_18,0.636,0.724,0.68,0.616,0.636,98,56,66,173
svm_bal_acc_train1617_test1718 series_19,0.688,0.766,0.727,0.671,0.688,106,48,56,183
svm_bal_acc_train1617_test1718 series_20,0.76,0.782,0.771,0.724,0.76,117,37,52,187
svm_bal_acc_train1617_test1718 series_21,0.721,0.745,0.733,0.681,0.721,111,43,61,178
svm_bal_acc_train1617_test1819 series_00,0.72,0.729,0.724,0.663,0.72,118,46,74,199
svm_bal_acc_train1617_test1819 series_01,0.683,0.722,0.702,0.636,0.683,112,52,76,197
svm_bal_acc_train1617_test1819 series_02,0.64,0.685,0.663,0.592,0.64,105,59,86,187
svm_bal_acc_train1617_test1819 series_03,0.598,0.711,0.654,0.575,0.598,98,66,79,194
svm_bal_acc_train1617_test1819 series_04,0.567,0.725,0.646,0.56,0.567,93,71,75,198
svm_bal_acc_train1617_test1819 series_05,0.616,0.674,0.645,0.571,0.616,101,63,89,184
svm_bal_acc_train1617_test1819 series_06,0.652,0.711,0.682,0.611,0.652,107,57,79,194
svm_bal_acc_train1617_test1819 series_07,0.72,0.711,0.715,0.654,0.72,118,46,79,194
svm_bal_acc_train1617_test1819 series_08,0.671,0.707,0.689,0.621,0.671,110,54,80,193
svm_bal_acc_train1617_test1819 series_09,0.671,0.714,0.693,0.625,0.671,110,54,78,195
svm_bal_acc_train1617_test1819 series_10,0.695,0.795,0.745,0.683,0.695,114,50,56,217
svm_bal_acc_train1617_test1819 series_11,0.659,0.758,0.708,0.639,0.659,108,56,66,207
svm_bal_acc_train1617_test1819 series_12,0.677,0.777,0.727,0.661,0.677,111,53,61,212
svm_bal_acc_train1617_test1819 series_13,0.677,0.813,0.745,0.681,0.677,111,53,51,222
svm_bal_acc_train1617_test1819 series_14,0.634,0.773,0.704,0.63,0.634,104,60,62,211
svm_bal_acc_train1617_test1819 series_15,0.72,0.802,0.761,0.702,0.72,118,46,54,219
svm_bal_acc_train1617_test1819 series_16,0.677,0.751,0.714,0.647,0.677,111,53,68,205
svm_bal_acc_train1617_test1819 series_17,0.695,0.777,0.736,0.673,0.695,114,50,61,212
svm_bal_acc_train1617_test1819 series_18,0.677,0.751,0.714,0.647,0.677,111,53,68,205
svm_bal_acc_train1617_test1819 series_19,0.689,0.769,0.729,0.665,0.689,113,51,63,210
svm_bal_acc_train1617_test1819 series_20,0.738,0.769,0.754,0.695,0.738,121,43,63,210
svm_bal_acc_train1617_test1819 series_21,0.677,0.758,0.718,0.651,0.677,111,53,66,207
svm_bal_acc_train1718_test1617 series_00,0.528,0.754,0.641,0.57,0.528,85,76,52,159
svm_bal_acc_train1718_test1617 series_01,0.584,0.758,0.671,0.614,0.584,94,67,51,160
svm_bal_acc_train1718_test1617 series_02,0.578,0.758,0.668,0.61,0.578,93,68,51,160
svm_bal_acc_train1718_test1617 series_03,0.596,0.768,0.682,0.627,0.596,96,65,49,162
svm_bal_acc_train1718_test1617 series_04,0.652,0.749,0.7,0.658,0.652,105,56,53,158
svm_bal_acc_train1718_test1617 series_05,0.602,0.744,0.673,0.622,0.602,97,64,54,157
svm_bal_acc_train1718_test1617 series_06,0.627,0.768,0.698,0.65,0.627,101,60,49,162
svm_bal_acc_train1718_test1617 series_07,0.658,0.763,0.711,0.669,0.658,106,55,50,161
svm_bal_acc_train1718_test1617 series_08,0.646,0.806,0.726,0.68,0.646,104,57,41,170
svm_bal_acc_train1718_test1617 series_09,0.596,0.791,0.694,0.638,0.596,96,65,44,167
svm_bal_acc_train1718_test1617 series_10,0.634,0.801,0.717,0.669,0.634,102,59,42,169
svm_bal_acc_train1718_test1617 series_11,0.646,0.749,0.697,0.654,0.646,104,57,53,158
svm_bal_acc_train1718_test1617 series_12,0.621,0.777,0.699,0.649,0.621,100,61,47,164
svm_bal_acc_train1718_test1617 series_13,0.615,0.763,0.689,0.639,0.615,99,62,50,161
svm_bal_acc_train1718_test1617 series_14,0.602,0.782,0.692,0.638,0.602,97,64,46,165
svm_bal_acc_train1718_test1617 series_15,0.516,0.82,0.668,0.589,0.516,83,78,38,173
svm_bal_acc_train1718_test1617 series_16,0.621,0.754,0.687,0.639,0.621,100,61,52,159
svm_bal_acc_train1718_test1617 series_17,0.615,0.791,0.703,0.651,0.615,99,62,44,167
svm_bal_acc_train1718_test1617 series_18,0.602,0.791,0.697,0.642,0.602,97,64,44,167
svm_bal_acc_train1718_test1617 series_19,0.64,0.773,0.706,0.66,0.64,103,58,48,163
svm_bal_acc_train1718_test1617 series_20,0.634,0.81,0.722,0.673,0.634,102,59,40,171
svm_bal_acc_train1718_test1617 series_21,0.64,0.768,0.704,0.658,0.64,103,58,49,162
svm_bal_acc_train1718_test1819 series_00,0.591,0.758,0.675,0.593,0.591,97,67,66,207
svm_bal_acc_train1718_test1819 series_01,0.707,0.806,0.757,0.697,0.707,116,48,53,220
svm_bal_acc_train1718_test1819 series_02,0.701,0.78,0.741,0.678,0.701,115,49,60,213
svm_bal_acc_train1718_test1819 series_03,0.671,0.755,0.713,0.645,0.671,110,54,67,206
svm_bal_acc_train1718_test1819 series_04,0.677,0.799,0.738,0.673,0.677,111,53,55,218
svm_bal_acc_train1718_test1819 series_05,0.652,0.784,0.718,0.648,0.652,107,57,59,214
svm_bal_acc_train1718_test1819 series_06,0.646,0.791,0.719,0.648,0.646,106,58,57,216
svm_bal_acc_train1718_test1819 series_07,0.652,0.773,0.713,0.643,0.652,107,57,62,211
svm_bal_acc_train1718_test1819 series_08,0.61,0.824,0.717,0.641,0.61,100,64,48,225
svm_bal_acc_train1718_test1819 series_09,0.567,0.824,0.696,0.61,0.567,93,71,48,225
svm_bal_acc_train1718_test1819 series_10,0.616,0.857,0.736,0.664,0.616,101,63,39,234
svm_bal_acc_train1718_test1819 series_11,0.677,0.839,0.758,0.696,0.677,111,53,44,229
svm_bal_acc_train1718_test1819 series_12,0.671,0.817,0.744,0.679,0.671,110,54,50,223
svm_bal_acc_train1718_test1819 series_13,0.671,0.806,0.738,0.673,0.671,110,54,53,220
svm_bal_acc_train1718_test1819 series_14,0.659,0.813,0.736,0.669,0.659,108,56,51,222
svm_bal_acc_train1718_test1819 series_15,0.652,0.806,0.729,0.66,0.652,107,57,53,220
svm_bal_acc_train1718_test1819 series_16,0.652,0.821,0.736,0.669,0.652,107,57,49,224
svm_bal_acc_train1718_test1819 series_17,0.665,0.806,0.735,0.669,0.665,109,55,53,220
svm_bal_acc_train1718_test1819 series_18,0.695,0.806,0.75,0.689,0.695,114,50,53,220
svm_bal_acc_train1718_test1819 series_19,0.701,0.817,0.759,0.699,0.701,115,49,50,223
svm_bal_acc_train1718_test1819 series_20,0.713,0.788,0.75,0.69,0.713,117,47,58,215
svm_bal_acc_train1718_test1819 series_21,0.695,0.806,0.75,0.689,0.695,114,50,53,220
svm_bal_acc_train1819_test1617 series_00,0.571,0.697,0.634,0.58,0.571,92,69,64,147
svm_bal_acc_train1819_test1617 series_01,0.553,0.735,0.644,0.582,0.553,89,72,56,155
svm_bal_acc_train1819_test1617 series_02,0.522,0.725,0.623,0.554,0.522,84,77,58,153
svm_bal_acc_train1819_test1617 series_03,0.565,0.692,0.629,0.574,0.565,91,70,65,146
svm_bal_acc_train1819_test1617 series_04,0.54,0.768,0.654,0.586,0.54,87,74,49,162
svm_bal_acc_train1819_test1617 series_05,0.602,0.735,0.669,0.618,0.602,97,64,56,155
svm_bal_acc_train1819_test1617 series_06,0.602,0.744,0.673,0.622,0.602,97,64,54,157
svm_bal_acc_train1819_test1617 series_07,0.615,0.763,0.689,0.639,0.615,99,62,50,161
svm_bal_acc_train1819_test1617 series_08,0.64,0.815,0.727,0.68,0.64,103,58,39,172
svm_bal_acc_train1819_test1617 series_09,0.615,0.782,0.698,0.647,0.615,99,62,46,165
svm_bal_acc_train1819_test1617 series_10,0.627,0.744,0.686,0.639,0.627,101,60,54,157
svm_bal_acc_train1819_test1617 series_11,0.714,0.744,0.729,0.697,0.714,115,46,54,157
svm_bal_acc_train1819_test1617 series_12,0.671,0.773,0.722,0.681,0.671,108,53,48,163
svm_bal_acc_train1819_test1617 series_13,0.671,0.758,0.715,0.675,0.671,108,53,51,160
svm_bal_acc_train1819_test1617 series_14,0.677,0.725,0.701,0.665,0.677,109,52,58,153
svm_bal_acc_train1819_test1617 series_15,0.429,0.81,0.619,0.511,0.429,69,92,40,171
svm_bal_acc_train1819_test1617 series_16,0.683,0.758,0.721,0.683,0.683,110,51,51,160
svm_bal_acc_train1819_test1617 series_17,0.634,0.796,0.715,0.667,0.634,102,59,43,168
svm_bal_acc_train1819_test1617 series_18,0.646,0.791,0.719,0.673,0.646,104,57,44,167
svm_bal_acc_train1819_test1617 series_19,0.646,0.801,0.723,0.678,0.646,104,57,42,169
svm_bal_acc_train1819_test1617 series_20,0.658,0.801,0.73,0.686,0.658,106,55,42,169
svm_bal_acc_train1819_test1617 series_21,0.702,0.777,0.74,0.704,0.702,113,48,47,164
svm_bal_acc_train1819_test1718 series_00,0.61,0.774,0.692,0.623,0.61,94,60,54,185
svm_bal_acc_train1819_test1718 series_01,0.539,0.795,0.667,0.58,0.539,83,71,49,190
svm_bal_acc_train1819_test1718 series_02,0.526,0.799,0.663,0.572,0.526,81,73,48,191
svm_bal_acc_train1819_test1718 series_03,0.5,0.787,0.643,0.546,0.5,77,77,51,188
svm_bal_acc_train1819_test1718 series_04,0.695,0.791,0.743,0.688,0.695,107,47,50,189
svm_bal_acc_train1819_test1718 series_05,0.701,0.803,0.752,0.699,0.701,108,46,47,192
svm_bal_acc_train1819_test1718 series_06,0.688,0.795,0.742,0.686,0.688,106,48,49,190
svm_bal_acc_train1819_test1718 series_07,0.708,0.845,0.776,0.727,0.708,109,45,37,202
svm_bal_acc_train1819_test1718 series_08,0.721,0.816,0.768,0.718,0.721,111,43,44,195
svm_bal_acc_train1819_test1718 series_09,0.701,0.795,0.748,0.695,0.701,108,46,49,190
svm_bal_acc_train1819_test1718 series_10,0.701,0.795,0.748,0.695,0.701,108,46,49,190
svm_bal_acc_train1819_test1718 series_11,0.727,0.774,0.751,0.7,0.727,112,42,54,185
svm_bal_acc_train1819_test1718 series_12,0.721,0.812,0.766,0.716,0.721,111,43,45,194
svm_bal_acc_train1819_test1718 series_13,0.727,0.766,0.746,0.696,0.727,112,42,56,183
svm_bal_acc_train1819_test1718 series_14,0.682,0.762,0.722,0.665,0.682,105,49,57,182
svm_bal_acc_train1819_test1718 series_15,0.695,0.799,0.747,0.693,0.695,107,47,48,191
svm_bal_acc_train1819_test1718 series_16,0.688,0.782,0.735,0.679,0.688,106,48,52,187
svm_bal_acc_train1819_test1718 series_17,0.721,0.799,0.76,0.709,0.721,111,43,48,191
svm_bal_acc_train1819_test1718 series_18,0.74,0.803,0.772,0.724,0.74,114,40,47,192
svm_bal_acc_train1819_test1718 series_19,0.656,0.812,0.734,0.673,0.656,101,53,45,194
svm_bal_acc_train1819_test1718 series_20,0.734,0.824,0.779,0.731,0.734,113,41,42,197
svm_bal_acc_train1819_test1718 series_21,0.727,0.795,0.761,0.711,0.727,112,42,49,190
svm_bal_acc_all1617 series_01 part1,0.545,0.762,0.654,0.59,0.545,18,15,10,32
svm_bal_acc_all1617 series_01 part2,0.656,0.744,0.7,0.656,0.656,21,11,11,32
svm_bal_acc_all1617 series_01 part3,0.531,0.571,0.551,0.507,0.531,17,15,18,24
svm_bal_acc_all1617 series_01 part4,0.656,0.786,0.721,0.677,0.656,21,11,9,33
svm_bal_acc_all1617 series_01 part5,0.625,0.595,0.61,0.58,0.625,20,12,17,25
svm_bal_acc_all1617 series_01 MEAN,0.603,0.692,0.647,0.602,0.603,19.4,12.8,13.0,29.2
svm_bal_acc_all1617 series_02 part1,0.719,0.558,0.638,0.622,0.719,23,9,19,24
svm_bal_acc_all1617 series_02 part2,0.727,0.667,0.697,0.676,0.727,24,9,14,28
svm_bal_acc_all1617 series_02 part3,0.531,0.81,0.67,0.596,0.531,17,15,8,34
svm_bal_acc_all1617 series_02 part4,0.594,0.619,0.606,0.567,0.594,19,13,16,26
svm_bal_acc_all1617 series_02 part5,0.688,0.643,0.665,0.638,0.688,22,10,15,27
svm_bal_acc_all1617 series_02 MEAN,0.652,0.659,0.655,0.62,0.652,21.0,11.2,14.4,27.8
svm_bal_acc_all1617 series_03 part1,0.758,0.69,0.724,0.704,0.758,25,8,13,29
svm_bal_acc_all1617 series_03 part2,0.594,0.698,0.646,0.594,0.594,19,13,13,30
svm_bal_acc_all1617 series_03 part3,0.719,0.69,0.705,0.676,0.719,23,9,13,29
svm_bal_acc_all1617 series_03 part4,0.562,0.69,0.626,0.571,0.562,18,14,13,29
svm_bal_acc_all1617 series_03 part5,0.531,0.738,0.635,0.567,0.531,17,15,11,31
svm_bal_acc_all1617 series_03 MEAN,0.633,0.701,0.667,0.623,0.633,20.4,11.8,12.6,29.6
svm_bal_acc_all1617 series_04 part1,0.719,0.628,0.673,0.648,0.719,23,9,16,27
svm_bal_acc_all1617 series_04 part2,0.697,0.762,0.729,0.697,0.697,23,10,10,32
svm_bal_acc_all1617 series_04 part3,0.531,0.714,0.623,0.557,0.531,17,15,12,30
svm_bal_acc_all1617 series_04 part4,0.531,0.595,0.563,0.515,0.531,17,15,17,25
svm_bal_acc_all1617 series_04 part5,0.688,0.714,0.701,0.667,0.688,22,10,12,30
svm_bal_acc_all1617 series_04 MEAN,0.633,0.683,0.658,0.617,0.633,20.4,11.8,13.4,28.8
svm_bal_acc_all1617 series_05 part1,0.656,0.651,0.654,0.618,0.656,21,11,15,28
svm_bal_acc_all1617 series_05 part2,0.545,0.738,0.642,0.581,0.545,18,15,11,31
svm_bal_acc_all1617 series_05 part3,0.625,0.738,0.682,0.635,0.625,20,12,11,31
svm_bal_acc_all1617 series_05 part4,0.75,0.762,0.756,0.727,0.75,24,8,10,32
svm_bal_acc_all1617 series_05 part5,0.688,0.667,0.677,0.647,0.688,22,10,14,28
svm_bal_acc_all1617 series_05 MEAN,0.653,0.711,0.682,0.642,0.653,21.0,11.2,12.2,30.0
svm_bal_acc_all1617 series_06 part1,0.656,0.767,0.712,0.667,0.656,21,11,10,33
svm_bal_acc_all1617 series_06 part2,0.545,0.738,0.642,0.581,0.545,18,15,11,31
svm_bal_acc_all1617 series_06 part3,0.656,0.738,0.697,0.656,0.656,21,11,11,31
svm_bal_acc_all1617 series_06 part4,0.688,0.619,0.653,0.629,0.688,22,10,16,26
svm_bal_acc_all1617 series_06 part5,0.688,0.5,0.594,0.587,0.688,22,10,21,21
svm_bal_acc_all1617 series_06 MEAN,0.647,0.673,0.66,0.624,0.647,20.8,11.4,13.8,28.4
svm_bal_acc_all1617 series_07 part1,0.667,0.833,0.75,0.71,0.667,22,11,7,35
svm_bal_acc_all1617 series_07 part2,0.531,0.651,0.591,0.531,0.531,17,15,15,28
svm_bal_acc_all1617 series_07 part3,0.562,0.619,0.591,0.545,0.562,18,14,16,26
svm_bal_acc_all1617 series_07 part4,0.719,0.571,0.645,0.63,0.719,23,9,18,24
svm_bal_acc_all1617 series_07 part5,0.594,0.667,0.63,0.585,0.594,19,13,14,28
svm_bal_acc_all1617 series_07 MEAN,0.615,0.668,0.641,0.6,0.615,19.8,12.4,14.0,28.2
svm_bal_acc_all1617 series_08 part1,0.75,0.721,0.735,0.706,0.75,24,8,12,31
svm_bal_acc_all1617 series_08 part2,0.788,0.714,0.751,0.732,0.788,26,7,12,30
svm_bal_acc_all1617 series_08 part3,0.656,0.619,0.638,0.609,0.656,21,11,16,26
svm_bal_acc_all1617 series_08 part4,0.625,0.762,0.693,0.645,0.625,20,12,10,32
svm_bal_acc_all1617 series_08 part5,0.438,0.738,0.588,0.491,0.438,14,18,11,31
svm_bal_acc_all1617 series_08 MEAN,0.651,0.711,0.681,0.637,0.651,21.0,11.2,12.2,30.0
svm_bal_acc_all1617 series_09 part1,0.788,0.619,0.703,0.693,0.788,26,7,16,26
svm_bal_acc_all1617 series_09 part2,0.594,0.814,0.704,0.644,0.594,19,13,8,35
svm_bal_acc_all1617 series_09 part3,0.5,0.833,0.667,0.582,0.5,16,16,7,35
svm_bal_acc_all1617 series_09 part4,0.75,0.619,0.685,0.667,0.75,24,8,16,26
svm_bal_acc_all1617 series_09 part5,0.594,0.69,0.642,0.594,0.594,19,13,13,29
svm_bal_acc_all1617 series_09 MEAN,0.645,0.715,0.68,0.636,0.645,20.8,11.4,12.0,30.2
svm_bal_acc_all1617 series_10 part1,0.531,0.698,0.614,0.548,0.531,17,15,13,30
svm_bal_acc_all1617 series_10 part2,0.545,0.786,0.666,0.6,0.545,18,15,9,33
svm_bal_acc_all1617 series_10 part3,0.562,0.69,0.626,0.571,0.562,18,14,13,29
svm_bal_acc_all1617 series_10 part4,0.844,0.738,0.791,0.771,0.844,27,5,11,31
svm_bal_acc_all1617 series_10 part5,0.5,0.69,0.595,0.525,0.5,16,16,13,29
svm_bal_acc_all1617 series_10 MEAN,0.597,0.72,0.659,0.603,0.597,19.2,13.0,11.8,30.4
svm_bal_acc_all1617 series_11 part1,0.818,0.667,0.742,0.73,0.818,27,6,14,28
svm_bal_acc_all1617 series_11 part2,0.75,0.791,0.77,0.738,0.75,24,8,9,34
svm_bal_acc_all1617 series_11 part3,0.719,0.69,0.705,0.676,0.719,23,9,13,29
svm_bal_acc_all1617 series_11 part4,0.656,0.667,0.661,0.627,0.656,21,11,14,28
svm_bal_acc_all1617 series_11 part5,0.625,0.786,0.705,0.656,0.625,20,12,9,33
svm_bal_acc_all1617 series_11 MEAN,0.714,0.72,0.717,0.685,0.714,23.0,9.2,11.8,30.4
svm_bal_acc_all1617 series_12 part1,0.788,0.619,0.703,0.693,0.788,26,7,16,26
svm_bal_acc_all1617 series_12 part2,0.562,0.744,0.653,0.59,0.562,18,14,11,32
svm_bal_acc_all1617 series_12 part3,0.656,0.714,0.685,0.646,0.656,21,11,12,30
svm_bal_acc_all1617 series_12 part4,0.625,0.762,0.693,0.645,0.625,20,12,10,32
svm_bal_acc_all1617 series_12 part5,0.844,0.786,0.815,0.794,0.844,27,5,9,33
svm_bal_acc_all1617 series_12 MEAN,0.695,0.725,0.71,0.674,0.695,22.4,9.8,11.6,30.6
svm_bal_acc_all1617 series_13 part1,0.625,0.767,0.696,0.645,0.625,20,12,10,33
svm_bal_acc_all1617 series_13 part2,0.758,0.69,0.724,0.704,0.758,25,8,13,29
svm_bal_acc_all1617 series_13 part3,0.719,0.738,0.728,0.697,0.719,23,9,11,31
svm_bal_acc_all1617 series_13 part4,0.688,0.69,0.689,0.657,0.688,22,10,13,29
svm_bal_acc_all1617 series_13 part5,0.625,0.714,0.67,0.625,0.625,20,12,12,30
svm_bal_acc_all1617 series_13 MEAN,0.683,0.72,0.701,0.666,0.683,22.0,10.2,11.8,30.4
svm_bal_acc_all1617 series_14 part1,0.719,0.674,0.697,0.667,0.719,23,9,14,29
svm_bal_acc_all1617 series_14 part2,0.636,0.786,0.711,0.667,0.636,21,12,9,33
svm_bal_acc_all1617 series_14 part3,0.75,0.714,0.732,0.706,0.75,24,8,12,30
svm_bal_acc_all1617 series_14 part4,0.625,0.69,0.658,0.615,0.625,20,12,13,29
svm_bal_acc_all1617 series_14 part5,0.781,0.762,0.772,0.746,0.781,25,7,10,32
svm_bal_acc_all1617 series_14 MEAN,0.702,0.725,0.714,0.68,0.702,22.6,9.6,11.6,30.6
svm_bal_acc_all1617 series_15 part1,0.656,0.767,0.712,0.667,0.656,21,11,10,33
svm_bal_acc_all1617 series_15 part2,0.727,0.643,0.685,0.667,0.727,24,9,15,27
svm_bal_acc_all1617 series_15 part3,0.75,0.762,0.756,0.727,0.75,24,8,10,32
svm_bal_acc_all1617 series_15 part4,0.75,0.738,0.744,0.716,0.75,24,8,11,31
svm_bal_acc_all1617 series_15 part5,0.688,0.714,0.701,0.667,0.688,22,10,12,30
svm_bal_acc_all1617 series_15 MEAN,0.714,0.725,0.72,0.689,0.714,23.0,9.2,11.6,30.6
svm_bal_acc_all1617 series_16 part1,0.781,0.767,0.774,0.746,0.781,25,7,10,33
svm_bal_acc_all1617 series_16 part2,0.576,0.595,0.585,0.551,0.576,19,14,17,25
svm_bal_acc_all1617 series_16 part3,0.625,0.762,0.693,0.645,0.625,20,12,10,32
svm_bal_acc_all1617 series_16 part4,0.75,0.69,0.72,0.696,0.75,24,8,13,29
svm_bal_acc_all1617 series_16 part5,0.656,0.881,0.769,0.724,0.656,21,11,5,37
svm_bal_acc_all1617 series_16 MEAN,0.678,0.739,0.708,0.672,0.678,21.8,10.4,11.0,31.2
svm_bal_acc_all1617 series_17 part1,0.667,0.738,0.702,0.667,0.667,22,11,11,31
svm_bal_acc_all1617 series_17 part2,0.688,0.791,0.739,0.698,0.688,22,10,9,34
svm_bal_acc_all1617 series_17 part3,0.781,0.69,0.736,0.714,0.781,25,7,13,29
svm_bal_acc_all1617 series_17 part4,0.625,0.69,0.658,0.615,0.625,20,12,13,29
svm_bal_acc_all1617 series_17 part5,0.562,0.714,0.638,0.581,0.562,18,14,12,30
svm_bal_acc_all1617 series_17 MEAN,0.665,0.725,0.695,0.655,0.665,21.4,10.8,11.6,30.6
svm_bal_acc_all1617 series_18 part1,0.812,0.674,0.743,0.722,0.812,26,6,14,29
svm_bal_acc_all1617 series_18 part2,0.788,0.714,0.751,0.732,0.788,26,7,12,30
svm_bal_acc_all1617 series_18 part3,0.656,0.833,0.745,0.7,0.656,21,11,7,35
svm_bal_acc_all1617 series_18 part4,0.844,0.714,0.779,0.761,0.844,27,5,12,30
svm_bal_acc_all1617 series_18 part5,0.719,0.762,0.74,0.708,0.719,23,9,10,32
svm_bal_acc_all1617 series_18 MEAN,0.764,0.74,0.752,0.725,0.764,24.6,7.6,11.0,31.2
svm_bal_acc_all1617 series_19 part1,0.667,0.786,0.726,0.688,0.667,22,11,9,33
svm_bal_acc_all1617 series_19 part2,0.656,0.651,0.654,0.618,0.656,21,11,15,28
svm_bal_acc_all1617 series_19 part3,0.844,0.786,0.815,0.794,0.844,27,5,9,33
svm_bal_acc_all1617 series_19 part4,0.719,0.738,0.728,0.697,0.719,23,9,11,31
svm_bal_acc_all1617 series_19 part5,0.812,0.762,0.787,0.765,0.812,26,6,10,32
svm_bal_acc_all1617 series_19 MEAN,0.74,0.745,0.742,0.712,0.74,23.8,8.4,10.8,31.4
svm_bal_acc_all1617 series_20 part1,0.697,0.714,0.706,0.676,0.697,23,10,12,30
svm_bal_acc_all1617 series_20 part2,0.719,0.651,0.685,0.657,0.719,23,9,15,28
svm_bal_acc_all1617 series_20 part3,0.562,0.786,0.674,0.61,0.562,18,14,9,33
svm_bal_acc_all1617 series_20 part4,0.562,0.81,0.686,0.621,0.562,18,14,8,34
svm_bal_acc_all1617 series_20 part5,0.812,0.524,0.668,0.667,0.812,26,6,20,22
svm_bal_acc_all1617 series_20 MEAN,0.671,0.697,0.684,0.646,0.671,21.6,10.6,12.8,29.4
svm_bal_acc_all1617 series_21 part1,0.812,0.674,0.743,0.722,0.812,26,6,14,29
svm_bal_acc_all1617 series_21 part2,0.667,0.786,0.726,0.688,0.667,22,11,9,33
svm_bal_acc_all1617 series_21 part3,0.688,0.69,0.689,0.657,0.688,22,10,13,29
svm_bal_acc_all1617 series_21 part4,0.625,0.786,0.705,0.656,0.625,20,12,9,33
svm_bal_acc_all1617 series_21 part5,0.781,0.595,0.688,0.676,0.781,25,7,17,25
svm_bal_acc_all1617 series_21 MEAN,0.715,0.706,0.71,0.68,0.715,23.0,9.2,12.4,29.8
svm_bal_acc_all1617 series_22 part1,0.688,0.674,0.681,0.647,0.688,22,10,14,29
svm_bal_acc_all1617 series_22 part2,0.788,0.667,0.727,0.712,0.788,26,7,14,28
svm_bal_acc_all1617 series_22 part3,0.562,0.81,0.686,0.621,0.562,18,14,8,34
svm_bal_acc_all1617 series_22 part4,0.625,0.786,0.705,0.656,0.625,20,12,9,33
svm_bal_acc_all1617 series_22 part5,0.625,0.786,0.705,0.656,0.625,20,12,9,33
svm_bal_acc_all1617 series_22 MEAN,0.658,0.744,0.701,0.658,0.658,21.2,11.0,10.8,31.4
svm_bal_acc_all1718 series_01 part1,0.548,0.812,0.68,0.596,0.548,17,14,9,39
svm_bal_acc_all1718 series_01 part2,0.581,0.896,0.738,0.667,0.581,18,13,5,43
svm_bal_acc_all1718 series_01 part3,0.71,0.688,0.699,0.647,0.71,22,9,15,33
svm_bal_acc_all1718 series_01 part4,0.742,0.681,0.711,0.667,0.742,23,8,15,32
svm_bal_acc_all1718 series_01 part5,0.733,0.75,0.742,0.688,0.733,22,8,12,36
svm_bal_acc_all1718 series_01 MEAN,0.663,0.765,0.714,0.653,0.663,20.4,10.4,11.2,36.6
svm_bal_acc_all1718 series_02 part1,0.742,0.792,0.767,0.719,0.742,23,8,10,38
svm_bal_acc_all1718 series_02 part2,0.581,0.729,0.655,0.581,0.581,18,13,13,35
svm_bal_acc_all1718 series_02 part3,0.71,0.688,0.699,0.647,0.71,22,9,15,33
svm_bal_acc_all1718 series_02 part4,0.733,0.792,0.762,0.71,0.733,22,8,10,38
svm_bal_acc_all1718 series_02 part5,0.581,0.766,0.673,0.6,0.581,18,13,11,36
svm_bal_acc_all1718 series_02 MEAN,0.669,0.753,0.711,0.651,0.669,20.6,10.2,11.8,36.0
svm_bal_acc_all1718 series_03 part1,0.742,0.667,0.704,0.657,0.742,23,8,16,32
svm_bal_acc_all1718 series_03 part2,0.516,0.771,0.643,0.552,0.516,16,15,11,37
svm_bal_acc_all1718 series_03 part3,0.677,0.625,0.651,0.6,0.677,21,10,18,30
svm_bal_acc_all1718 series_03 part4,0.806,0.83,0.818,0.781,0.806,25,6,8,39
svm_bal_acc_all1718 series_03 part5,0.633,0.75,0.692,0.623,0.633,19,11,12,36
svm_bal_acc_all1718 series_03 MEAN,0.675,0.728,0.702,0.643,0.675,20.8,10.0,13.0,34.8
svm_bal_acc_all1718 series_04 part1,0.581,0.792,0.686,0.61,0.581,18,13,10,38
svm_bal_acc_all1718 series_04 part2,0.806,0.667,0.737,0.694,0.806,25,6,16,32
svm_bal_acc_all1718 series_04 part3,0.613,0.729,0.671,0.603,0.613,19,12,13,35
svm_bal_acc_all1718 series_04 part4,0.767,0.792,0.779,0.73,0.767,23,7,10,38
svm_bal_acc_all1718 series_04 part5,0.581,0.702,0.641,0.571,0.581,18,13,14,33
svm_bal_acc_all1718 series_04 MEAN,0.669,0.736,0.703,0.642,0.669,20.6,10.2,12.6,35.2
svm_bal_acc_all1718 series_05 part1,0.452,0.771,0.611,0.5,0.452,14,17,11,37
svm_bal_acc_all1718 series_05 part2,0.774,0.854,0.814,0.774,0.774,24,7,7,41
svm_bal_acc_all1718 series_05 part3,0.677,0.75,0.714,0.656,0.677,21,10,12,36
svm_bal_acc_all1718 series_05 part4,0.867,0.667,0.767,0.722,0.867,26,4,16,32
svm_bal_acc_all1718 series_05 part5,0.548,0.745,0.647,0.567,0.548,17,14,12,35
svm_bal_acc_all1718 series_05 MEAN,0.664,0.757,0.71,0.644,0.664,20.4,10.4,11.6,36.2
svm_bal_acc_all1718 series_06 part1,0.742,0.833,0.788,0.742,0.742,23,8,8,40
svm_bal_acc_all1718 series_06 part2,0.613,0.75,0.681,0.613,0.613,19,12,12,36
svm_bal_acc_all1718 series_06 part3,0.581,0.688,0.634,0.562,0.581,18,13,15,33
svm_bal_acc_all1718 series_06 part4,0.8,0.792,0.796,0.75,0.8,24,6,10,38
svm_bal_acc_all1718 series_06 part5,0.677,0.787,0.732,0.677,0.677,21,10,10,37
svm_bal_acc_all1718 series_06 MEAN,0.683,0.77,0.726,0.669,0.683,21.0,9.8,11.0,36.8
svm_bal_acc_all1718 series_07 part1,0.645,0.812,0.729,0.667,0.645,20,11,9,39
svm_bal_acc_all1718 series_07 part2,0.581,0.833,0.707,0.632,0.581,18,13,8,40
svm_bal_acc_all1718 series_07 part3,0.71,0.792,0.751,0.698,0.71,22,9,10,38
svm_bal_acc_all1718 series_07 part4,0.71,0.745,0.727,0.677,0.71,22,9,12,35
svm_bal_acc_all1718 series_07 part5,0.767,0.75,0.758,0.708,0.767,23,7,12,36
svm_bal_acc_all1718 series_07 MEAN,0.682,0.786,0.734,0.676,0.682,21.0,9.8,10.2,37.6
svm_bal_acc_all1718 series_08 part1,0.452,0.812,0.632,0.519,0.452,14,17,9,39
svm_bal_acc_all1718 series_08 part2,0.71,0.729,0.719,0.667,0.71,22,9,13,35
svm_bal_acc_all1718 series_08 part3,0.742,0.833,0.788,0.742,0.742,23,8,8,40
svm_bal_acc_all1718 series_08 part4,0.867,0.833,0.85,0.812,0.867,26,4,8,40
svm_bal_acc_all1718 series_08 part5,0.71,0.809,0.759,0.71,0.71,22,9,9,38
svm_bal_acc_all1718 series_08 MEAN,0.696,0.803,0.75,0.69,0.696,21.4,9.4,9.4,38.4
svm_bal_acc_all1718 series_09 part1,0.774,0.729,0.752,0.706,0.774,24,7,13,35
svm_bal_acc_all1718 series_09 part2,0.645,0.812,0.729,0.667,0.645,20,11,9,39
svm_bal_acc_all1718 series_09 part3,0.774,0.812,0.793,0.75,0.774,24,7,9,39
svm_bal_acc_all1718 series_09 part4,0.633,0.708,0.671,0.603,0.633,19,11,14,34
svm_bal_acc_all1718 series_09 part5,0.645,0.766,0.706,0.645,0.645,20,11,11,36
svm_bal_acc_all1718 series_09 MEAN,0.694,0.766,0.73,0.674,0.694,21.4,9.4,11.2,36.6
svm_bal_acc_all1718 series_10 part1,0.774,0.708,0.741,0.696,0.774,24,7,14,34
svm_bal_acc_all1718 series_10 part2,0.806,0.812,0.809,0.769,0.806,25,6,9,39
svm_bal_acc_all1718 series_10 part3,0.581,0.854,0.717,0.643,0.581,18,13,7,41
svm_bal_acc_all1718 series_10 part4,0.645,0.723,0.684,0.625,0.645,20,11,13,34
svm_bal_acc_all1718 series_10 part5,0.767,0.771,0.769,0.719,0.767,23,7,11,37
svm_bal_acc_all1718 series_10 MEAN,0.715,0.774,0.744,0.69,0.715,22.0,8.8,10.8,37.0
svm_bal_acc_all1718 series_11 part1,0.645,0.854,0.75,0.69,0.645,20,11,7,41
svm_bal_acc_all1718 series_11 part2,0.71,0.771,0.74,0.688,0.71,22,9,11,37
svm_bal_acc_all1718 series_11 part3,0.71,0.708,0.709,0.657,0.71,22,9,14,34
svm_bal_acc_all1718 series_11 part4,0.645,0.766,0.706,0.645,0.645,20,11,11,36
svm_bal_acc_all1718 series_11 part5,0.767,0.812,0.79,0.742,0.767,23,7,9,39
svm_bal_acc_all1718 series_11 MEAN,0.695,0.782,0.739,0.684,0.695,21.4,9.4,10.4,37.4
svm_bal_acc_all1718 series_12 part1,0.806,0.75,0.778,0.735,0.806,25,6,12,36
svm_bal_acc_all1718 series_12 part2,0.71,0.896,0.803,0.759,0.71,22,9,5,43
svm_bal_acc_all1718 series_12 part3,0.677,0.812,0.745,0.689,0.677,21,10,9,39
svm_bal_acc_all1718 series_12 part4,0.867,0.729,0.798,0.754,0.867,26,4,13,35
svm_bal_acc_all1718 series_12 part5,0.774,0.766,0.77,0.727,0.774,24,7,11,36
svm_bal_acc_all1718 series_12 MEAN,0.767,0.791,0.779,0.733,0.767,23.6,7.2,10.0,37.8
svm_bal_acc_all1718 series_13 part1,0.742,0.875,0.808,0.767,0.742,23,8,6,42
svm_bal_acc_all1718 series_13 part2,0.806,0.854,0.83,0.794,0.806,25,6,7,41
svm_bal_acc_all1718 series_13 part3,0.871,0.833,0.852,0.818,0.871,27,4,8,40
svm_bal_acc_all1718 series_13 part4,0.867,0.729,0.798,0.754,0.867,26,4,13,35
svm_bal_acc_all1718 series_13 part5,0.903,0.809,0.856,0.824,0.903,28,3,9,38
svm_bal_acc_all1718 series_13 MEAN,0.838,0.82,0.829,0.791,0.838,25.8,5.0,8.6,39.2
svm_bal_acc_all1718 series_14 part1,0.742,0.729,0.736,0.687,0.742,23,8,13,35
svm_bal_acc_all1718 series_14 part2,0.903,0.833,0.868,0.836,0.903,28,3,8,40
svm_bal_acc_all1718 series_14 part3,0.774,0.812,0.793,0.75,0.774,24,7,9,39
svm_bal_acc_all1718 series_14 part4,0.733,0.708,0.721,0.667,0.733,22,8,14,34
svm_bal_acc_all1718 series_14 part5,0.71,0.872,0.791,0.746,0.71,22,9,6,41
svm_bal_acc_all1718 series_14 MEAN,0.772,0.791,0.782,0.737,0.772,23.8,7.0,10.0,37.8
svm_bal_acc_all1718 series_15 part1,0.839,0.792,0.815,0.776,0.839,26,5,10,38
svm_bal_acc_all1718 series_15 part2,0.71,0.771,0.74,0.688,0.71,22,9,11,37
svm_bal_acc_all1718 series_15 part3,0.774,0.729,0.752,0.706,0.774,24,7,13,35
svm_bal_acc_all1718 series_15 part4,0.645,0.787,0.716,0.656,0.645,20,11,10,37
svm_bal_acc_all1718 series_15 part5,0.9,0.833,0.867,0.831,0.9,27,3,8,40
svm_bal_acc_all1718 series_15 MEAN,0.774,0.782,0.778,0.731,0.774,23.8,7.0,10.4,37.4
svm_bal_acc_all1718 series_16 part1,0.806,0.729,0.768,0.725,0.806,25,6,13,35
svm_bal_acc_all1718 series_16 part2,0.806,0.854,0.83,0.794,0.806,25,6,7,41
svm_bal_acc_all1718 series_16 part3,0.806,0.875,0.841,0.806,0.806,25,6,6,42
svm_bal_acc_all1718 series_16 part4,0.903,0.723,0.813,0.778,0.903,28,3,13,34
svm_bal_acc_all1718 series_16 part5,0.767,0.875,0.821,0.78,0.767,23,7,6,42
svm_bal_acc_all1718 series_16 MEAN,0.818,0.811,0.815,0.776,0.818,25.2,5.6,9.0,38.8
svm_bal_acc_all1718 series_17 part1,0.806,0.75,0.778,0.735,0.806,25,6,12,36
svm_bal_acc_all1718 series_17 part2,0.677,0.896,0.787,0.737,0.677,21,10,5,43
svm_bal_acc_all1718 series_17 part3,0.645,0.708,0.677,0.615,0.645,20,11,14,34
svm_bal_acc_all1718 series_17 part4,0.7,0.771,0.735,0.677,0.7,21,9,11,37
svm_bal_acc_all1718 series_17 part5,0.71,0.66,0.685,0.638,0.71,22,9,16,31
svm_bal_acc_all1718 series_17 MEAN,0.708,0.757,0.732,0.681,0.708,21.8,9.0,11.6,36.2
svm_bal_acc_all1718 series_18 part1,0.581,0.688,0.634,0.562,0.581,18,13,15,33
svm_bal_acc_all1718 series_18 part2,0.645,0.708,0.677,0.615,0.645,20,11,14,34
svm_bal_acc_all1718 series_18 part3,0.613,0.771,0.692,0.623,0.613,19,12,11,37
svm_bal_acc_all1718 series_18 part4,0.806,0.745,0.776,0.735,0.806,25,6,12,35
svm_bal_acc_all1718 series_18 part5,0.767,0.771,0.769,0.719,0.767,23,7,11,37
svm_bal_acc_all1718 series_18 MEAN,0.682,0.736,0.709,0.651,0.682,21.0,9.8,12.6,35.2
svm_bal_acc_all1718 series_19 part1,0.774,0.833,0.804,0.762,0.774,24,7,8,40
svm_bal_acc_all1718 series_19 part2,0.677,0.792,0.735,0.677,0.677,21,10,10,38
svm_bal_acc_all1718 series_19 part3,0.806,0.75,0.778,0.735,0.806,25,6,12,36
svm_bal_acc_all1718 series_19 part4,0.867,0.854,0.86,0.825,0.867,26,4,7,41
svm_bal_acc_all1718 series_19 part5,0.742,0.681,0.711,0.667,0.742,23,8,15,32
svm_bal_acc_all1718 series_19 MEAN,0.773,0.782,0.778,0.733,0.773,23.8,7.0,10.4,37.4
svm_bal_acc_all1718 series_20 part1,0.774,0.771,0.773,0.727,0.774,24,7,11,37
svm_bal_acc_all1718 series_20 part2,0.774,0.75,0.762,0.716,0.774,24,7,12,36
svm_bal_acc_all1718 series_20 part3,0.774,0.708,0.741,0.696,0.774,24,7,14,34
svm_bal_acc_all1718 series_20 part4,0.833,0.729,0.781,0.735,0.833,25,5,13,35
svm_bal_acc_all1718 series_20 part5,0.677,0.872,0.775,0.724,0.677,21,10,6,41
svm_bal_acc_all1718 series_20 MEAN,0.767,0.766,0.766,0.72,0.767,23.6,7.2,11.2,36.6
svm_bal_acc_all1718 series_21 part1,0.774,0.833,0.804,0.762,0.774,24,7,8,40
svm_bal_acc_all1718 series_21 part2,0.806,0.812,0.809,0.769,0.806,25,6,9,39
svm_bal_acc_all1718 series_21 part3,0.613,0.812,0.713,0.644,0.613,19,12,9,39
svm_bal_acc_all1718 series_21 part4,0.806,0.702,0.754,0.714,0.806,25,6,14,33
svm_bal_acc_all1718 series_21 part5,0.733,0.771,0.752,0.698,0.733,22,8,11,37
svm_bal_acc_all1718 series_21 MEAN,0.747,0.786,0.766,0.718,0.747,23.0,7.8,10.2,37.6
svm_bal_acc_all1718 series_22 part1,0.839,0.729,0.784,0.743,0.839,26,5,13,35
svm_bal_acc_all1718 series_22 part2,0.742,0.75,0.746,0.697,0.742,23,8,12,36
svm_bal_acc_all1718 series_22 part3,0.774,0.771,0.773,0.727,0.774,24,7,11,37
svm_bal_acc_all1718 series_22 part4,0.742,0.723,0.733,0.687,0.742,23,8,13,34
svm_bal_acc_all1718 series_22 part5,0.833,0.729,0.781,0.735,0.833,25,5,13,35
svm_bal_acc_all1718 series_22 MEAN,0.786,0.741,0.763,0.718,0.786,24.2,6.6,12.4,35.4
svm_bal_acc_all1819 series_01 part1,0.606,0.782,0.694,0.615,0.606,20,13,12,43
svm_bal_acc_all1819 series_01 part2,0.606,0.8,0.703,0.625,0.606,20,13,11,44
svm_bal_acc_all1819 series_01 part3,0.697,0.722,0.71,0.648,0.697,23,10,15,39
svm_bal_acc_all1819 series_01 part4,0.636,0.815,0.726,0.656,0.636,21,12,10,44
svm_bal_acc_all1819 series_01 part5,0.75,0.691,0.72,0.658,0.75,24,8,17,38
svm_bal_acc_all1819 series_01 MEAN,0.659,0.762,0.711,0.64,0.659,21.6,11.2,13.0,41.6
svm_bal_acc_all1819 series_02 part1,0.727,0.818,0.773,0.716,0.727,24,9,10,45
svm_bal_acc_all1819 series_02 part2,0.697,0.8,0.748,0.687,0.697,23,10,11,44
svm_bal_acc_all1819 series_02 part3,0.667,0.815,0.741,0.677,0.667,22,11,10,44
svm_bal_acc_all1819 series_02 part4,0.667,0.852,0.759,0.698,0.667,22,11,8,46
svm_bal_acc_all1819 series_02 part5,0.719,0.818,0.768,0.708,0.719,23,9,10,45
svm_bal_acc_all1819 series_02 MEAN,0.695,0.821,0.758,0.697,0.695,22.8,10.0,9.8,44.8
svm_bal_acc_all1819 series_03 part1,0.576,0.855,0.715,0.633,0.576,19,14,8,47
svm_bal_acc_all1819 series_03 part2,0.848,0.764,0.806,0.757,0.848,28,5,13,42
svm_bal_acc_all1819 series_03 part3,0.594,0.745,0.67,0.585,0.594,19,13,14,41
svm_bal_acc_all1819 series_03 part4,0.758,0.833,0.795,0.746,0.758,25,8,9,45
svm_bal_acc_all1819 series_03 part5,0.636,0.722,0.679,0.609,0.636,21,12,15,39
svm_bal_acc_all1819 series_03 MEAN,0.682,0.784,0.733,0.666,0.682,22.4,10.4,11.8,42.8
svm_bal_acc_all1819 series_04 part1,0.394,0.836,0.615,0.473,0.394,13,20,9,46
svm_bal_acc_all1819 series_04 part2,0.818,0.727,0.773,0.72,0.818,27,6,15,40
svm_bal_acc_all1819 series_04 part3,0.515,0.815,0.665,0.567,0.515,17,16,10,44
svm_bal_acc_all1819 series_04 part4,0.667,0.685,0.676,0.611,0.667,22,11,17,37
svm_bal_acc_all1819 series_04 part5,0.75,0.709,0.73,0.667,0.75,24,8,16,39
svm_bal_acc_all1819 series_04 MEAN,0.629,0.755,0.692,0.607,0.629,20.6,12.2,13.4,41.2
svm_bal_acc_all1819 series_05 part1,0.636,0.691,0.664,0.592,0.636,21,12,17,38
svm_bal_acc_all1819 series_05 part2,0.636,0.745,0.691,0.618,0.636,21,12,14,41
svm_bal_acc_all1819 series_05 part3,0.562,0.745,0.654,0.562,0.562,18,14,14,41
svm_bal_acc_all1819 series_05 part4,0.758,0.852,0.805,0.758,0.758,25,8,8,46
svm_bal_acc_all1819 series_05 part5,0.697,0.759,0.728,0.667,0.697,23,10,13,41
svm_bal_acc_all1819 series_05 MEAN,0.658,0.759,0.708,0.639,0.658,21.6,11.2,13.2,41.4
svm_bal_acc_all1819 series_06 part1,0.697,0.8,0.748,0.687,0.697,23,10,11,44
svm_bal_acc_all1819 series_06 part2,0.727,0.764,0.745,0.686,0.727,24,9,13,42
svm_bal_acc_all1819 series_06 part3,0.562,0.673,0.618,0.529,0.562,18,14,18,37
svm_bal_acc_all1819 series_06 part4,0.697,0.852,0.774,0.719,0.697,23,10,8,46
svm_bal_acc_all1819 series_06 part5,0.667,0.852,0.759,0.698,0.667,22,11,8,46
svm_bal_acc_all1819 series_06 MEAN,0.67,0.788,0.729,0.664,0.67,22.0,10.8,11.6,43.0
svm_bal_acc_all1819 series_07 part1,0.697,0.8,0.748,0.687,0.697,23,10,11,44
svm_bal_acc_all1819 series_07 part2,0.758,0.745,0.752,0.694,0.758,25,8,14,41
svm_bal_acc_all1819 series_07 part3,0.625,0.709,0.667,0.588,0.625,20,12,16,39
svm_bal_acc_all1819 series_07 part4,0.606,0.796,0.701,0.625,0.606,20,13,11,43
svm_bal_acc_all1819 series_07 part5,0.667,0.815,0.741,0.677,0.667,22,11,10,44
svm_bal_acc_all1819 series_07 MEAN,0.67,0.773,0.722,0.654,0.67,22.0,10.8,12.4,42.2
svm_bal_acc_all1819 series_08 part1,0.606,0.818,0.712,0.635,0.606,20,13,10,45
svm_bal_acc_all1819 series_08 part2,0.667,0.636,0.652,0.587,0.667,22,11,20,35
svm_bal_acc_all1819 series_08 part3,0.531,0.855,0.693,0.596,0.531,17,15,8,47
svm_bal_acc_all1819 series_08 part4,0.758,0.778,0.768,0.714,0.758,25,8,12,42
svm_bal_acc_all1819 series_08 part5,0.667,0.741,0.704,0.638,0.667,22,11,14,40
svm_bal_acc_all1819 series_08 MEAN,0.646,0.766,0.706,0.634,0.646,21.2,11.6,12.8,41.8
svm_bal_acc_all1819 series_09 part1,0.727,0.764,0.745,0.686,0.727,24,9,13,42
svm_bal_acc_all1819 series_09 part2,0.758,0.745,0.752,0.694,0.758,25,8,14,41
svm_bal_acc_all1819 series_09 part3,0.719,0.745,0.732,0.667,0.719,23,9,14,41
svm_bal_acc_all1819 series_09 part4,0.727,0.796,0.762,0.706,0.727,24,9,11,43
svm_bal_acc_all1819 series_09 part5,0.576,0.796,0.686,0.603,0.576,19,14,11,43
svm_bal_acc_all1819 series_09 MEAN,0.701,0.769,0.735,0.671,0.701,23.0,9.8,12.6,42.0
svm_bal_acc_all1819 series_10 part1,0.636,0.782,0.709,0.636,0.636,21,12,12,43
svm_bal_acc_all1819 series_10 part2,0.667,0.764,0.715,0.647,0.667,22,11,13,42
svm_bal_acc_all1819 series_10 part3,0.697,0.704,0.7,0.639,0.697,23,10,16,38
svm_bal_acc_all1819 series_10 part4,0.606,0.833,0.72,0.645,0.606,20,13,9,45
svm_bal_acc_all1819 series_10 part5,0.844,0.818,0.831,0.783,0.844,27,5,10,45
svm_bal_acc_all1819 series_10 MEAN,0.69,0.78,0.735,0.67,0.69,22.6,10.2,12.0,42.6
svm_bal_acc_all1819 series_11 part1,0.788,0.818,0.803,0.754,0.788,26,7,10,45
svm_bal_acc_all1819 series_11 part2,0.455,0.818,0.636,0.517,0.455,15,18,10,45
svm_bal_acc_all1819 series_11 part3,0.812,0.764,0.788,0.732,0.812,26,6,13,42
svm_bal_acc_all1819 series_11 part4,0.727,0.889,0.808,0.762,0.727,24,9,6,48
svm_bal_acc_all1819 series_11 part5,0.667,0.815,0.741,0.677,0.667,22,11,10,44
svm_bal_acc_all1819 series_11 MEAN,0.69,0.821,0.755,0.688,0.69,22.6,10.2,9.8,44.8
svm_bal_acc_all1819 series_12 part1,0.697,0.764,0.73,0.667,0.697,23,10,13,42
svm_bal_acc_all1819 series_12 part2,0.727,0.782,0.755,0.696,0.727,24,9,12,43
svm_bal_acc_all1819 series_12 part3,0.719,0.836,0.778,0.719,0.719,23,9,9,46
svm_bal_acc_all1819 series_12 part4,0.576,0.907,0.742,0.667,0.576,19,14,5,49
svm_bal_acc_all1819 series_12 part5,0.788,0.796,0.792,0.743,0.788,26,7,11,43
svm_bal_acc_all1819 series_12 MEAN,0.701,0.817,0.759,0.698,0.701,23.0,9.8,10.0,44.6
svm_bal_acc_all1819 series_13 part1,0.667,0.836,0.752,0.688,0.667,22,11,9,46
svm_bal_acc_all1819 series_13 part2,0.818,0.745,0.782,0.73,0.818,27,6,14,41
svm_bal_acc_all1819 series_13 part3,0.625,0.891,0.758,0.69,0.625,20,12,6,49
svm_bal_acc_all1819 series_13 part4,0.727,0.611,0.669,0.615,0.727,24,9,21,33
svm_bal_acc_all1819 series_13 part5,0.788,0.852,0.82,0.776,0.788,26,7,8,46
svm_bal_acc_all1819 series_13 MEAN,0.725,0.787,0.756,0.7,0.725,23.8,9.0,11.6,43.0
svm_bal_acc_all1819 series_14 part1,0.636,0.836,0.736,0.667,0.636,21,12,9,46
svm_bal_acc_all1819 series_14 part2,0.758,0.818,0.788,0.735,0.758,25,8,10,45
svm_bal_acc_all1819 series_14 part3,0.75,0.855,0.802,0.75,0.75,24,8,8,47
svm_bal_acc_all1819 series_14 part4,0.697,0.778,0.737,0.676,0.697,23,10,12,42
svm_bal_acc_all1819 series_14 part5,0.879,0.796,0.838,0.795,0.879,29,4,11,43
svm_bal_acc_all1819 series_14 MEAN,0.744,0.817,0.78,0.725,0.744,24.4,8.4,10.0,44.6
svm_bal_acc_all1819 series_15 part1,0.727,0.745,0.736,0.676,0.727,24,9,14,41
svm_bal_acc_all1819 series_15 part2,0.576,0.745,0.661,0.576,0.576,19,14,14,41
svm_bal_acc_all1819 series_15 part3,0.719,0.855,0.787,0.73,0.719,23,9,8,47
svm_bal_acc_all1819 series_15 part4,0.636,0.833,0.735,0.667,0.636,21,12,9,45
svm_bal_acc_all1819 series_15 part5,0.788,0.815,0.801,0.754,0.788,26,7,10,44
svm_bal_acc_all1819 series_15 MEAN,0.689,0.799,0.744,0.68,0.689,22.6,10.2,11.0,43.6
svm_bal_acc_all1819 series_16 part1,0.667,0.873,0.77,0.71,0.667,22,11,7,48
svm_bal_acc_all1819 series_16 part2,0.818,0.855,0.836,0.794,0.818,27,6,8,47
svm_bal_acc_all1819 series_16 part3,0.688,0.873,0.78,0.721,0.688,22,10,7,48
svm_bal_acc_all1819 series_16 part4,0.788,0.741,0.764,0.712,0.788,26,7,14,40
svm_bal_acc_all1819 series_16 part5,0.727,0.722,0.725,0.667,0.727,24,9,15,39
svm_bal_acc_all1819 series_16 MEAN,0.738,0.813,0.775,0.721,0.738,24.2,8.6,10.2,44.4
svm_bal_acc_all1819 series_17 part1,0.606,0.873,0.739,0.667,0.606,20,13,7,48
svm_bal_acc_all1819 series_17 part2,0.667,0.818,0.742,0.677,0.667,22,11,10,45
svm_bal_acc_all1819 series_17 part3,0.75,0.8,0.775,0.716,0.75,24,8,11,44
svm_bal_acc_all1819 series_17 part4,0.758,0.852,0.805,0.758,0.758,25,8,8,46
svm_bal_acc_all1819 series_17 part5,0.667,0.741,0.704,0.638,0.667,22,11,14,40
svm_bal_acc_all1819 series_17 MEAN,0.689,0.817,0.753,0.691,0.689,22.6,10.2,10.0,44.6
svm_bal_acc_all1819 series_18 part1,0.576,0.836,0.706,0.623,0.576,19,14,9,46
svm_bal_acc_all1819 series_18 part2,0.727,0.764,0.745,0.686,0.727,24,9,13,42
svm_bal_acc_all1819 series_18 part3,0.75,0.764,0.757,0.696,0.75,24,8,13,42
svm_bal_acc_all1819 series_18 part4,0.727,0.778,0.753,0.696,0.727,24,9,12,42
svm_bal_acc_all1819 series_18 part5,0.667,0.722,0.694,0.629,0.667,22,11,15,39
svm_bal_acc_all1819 series_18 MEAN,0.689,0.773,0.731,0.666,0.689,22.6,10.2,12.4,42.2
svm_bal_acc_all1819 series_19 part1,0.667,0.8,0.733,0.667,0.667,22,11,11,44
svm_bal_acc_all1819 series_19 part2,0.727,0.855,0.791,0.738,0.727,24,9,8,47
svm_bal_acc_all1819 series_19 part3,0.75,0.745,0.748,0.686,0.75,24,8,14,41
svm_bal_acc_all1819 series_19 part4,0.697,0.833,0.765,0.708,0.697,23,10,9,45
svm_bal_acc_all1819 series_19 part5,0.697,0.759,0.728,0.667,0.697,23,10,13,41
svm_bal_acc_all1819 series_19 MEAN,0.708,0.799,0.753,0.693,0.708,23.2,9.6,11.0,43.6
svm_bal_acc_all1819 series_20 part1,0.788,0.691,0.739,0.684,0.788,26,7,17,38
svm_bal_acc_all1819 series_20 part2,0.758,0.855,0.806,0.758,0.758,25,8,8,47
svm_bal_acc_all1819 series_20 part3,0.594,0.873,0.733,0.655,0.594,19,13,7,48
svm_bal_acc_all1819 series_20 part4,0.788,0.815,0.801,0.754,0.788,26,7,10,44
svm_bal_acc_all1819 series_20 part5,0.879,0.926,0.902,0.879,0.879,29,4,4,50
svm_bal_acc_all1819 series_20 MEAN,0.761,0.832,0.796,0.746,0.761,25.0,7.8,9.2,45.4
svm_bal_acc_all1819 series_21 part1,0.636,0.782,0.709,0.636,0.636,21,12,12,43
svm_bal_acc_all1819 series_21 part2,0.727,0.873,0.8,0.75,0.727,24,9,7,48
svm_bal_acc_all1819 series_21 part3,0.812,0.818,0.815,0.765,0.812,26,6,10,45
svm_bal_acc_all1819 series_21 part4,0.576,0.833,0.705,0.623,0.576,19,14,9,45
svm_bal_acc_all1819 series_21 part5,0.818,0.833,0.826,0.783,0.818,27,6,9,45
svm_bal_acc_all1819 series_21 MEAN,0.714,0.828,0.771,0.711,0.714,23.4,9.4,9.4,45.2
svm_bal_acc_all1819 series_22 part1,0.818,0.818,0.818,0.771,0.818,27,6,10,45
svm_bal_acc_all1819 series_22 part2,0.667,0.8,0.733,0.667,0.667,22,11,11,44
svm_bal_acc_all1819 series_22 part3,0.697,0.852,0.774,0.719,0.697,23,10,8,46
svm_bal_acc_all1819 series_22 part4,0.848,0.722,0.785,0.737,0.848,28,5,15,39
svm_bal_acc_all1819 series_22 part5,0.781,0.855,0.818,0.769,0.781,25,7,8,47
svm_bal_acc_all1819 series_22 MEAN,0.762,0.809,0.786,0.733,0.762,25.0,7.8,10.4,44.2
